44 62 65 75 15 76
40 79 68 43 57 44 18
39 18 62 41
50 41 18 46 64
68 40 44 62
79 74 18 39 78
68 40 44 62
39 79 66 15 18 44
40 44 68 73 41 62
44 62 14 52 40
50 18 46 41 39
68 62 40 18
41 79 50 39 46 18
40 44 62 68 48
43 44 50 15 40
50 46 18 64 39 79
40 68 44 18
18 68 40 26
68 40 44 18
40 44 73 52 68 41
68 40 18 44
18 26 68 40 44
79 50 43 20 40
69 8 18 75
79 23 21 52 62
40 74 79 43 48
39 41 64 75 46
79 49 18 20 23
40 44 62 41
39 41 79 18 47
68 40 44 18
23 66 6 18 20 79
44 79 80 18 62
41 44 18 62
47 18 23 66 40 79 62
76 15 39 44 18 62
50 46 64 15 18 20 79
39 44 41 15
79 18 23
44 18 40 62 68
23 46 50 66 18
18
23 6 18 66 39 79
68 40 62 44 18
39 41 18 69 50
62 65 39 79 18
20 23 29 6 79 18
65 39 75 64 46 41
68 40 18 26
40 18 15 62 39 44
43 50 18 41 73
39 79 23 44 15
79 23 18 20 29
39 41 18 76
79 49 75 23
68 18 44 40
40 68 73 46 52 44 18
39 41 18 68 44 62
39 65 75 18 76
50 46 18 23 39
79 18 23 6 39 20
44 68 14 18 40
40 44 18 68 26
39 40 79 18 23 58 15
62 78 18 63 44
40 44 68 62
40 43 44 73 62
39 76 69 58 62 79
41 18 39
18 8 43 62
68 18 40 44
68 40 44
68 40 44 18
47 23 79 39 18
41 39 44 18
18 64 76 62 65 41 75
40 44 68 41 80 62
69 8 75 18 65
18 46 50 39
18 62 39 46
66 79 23 62
68 40 44 62
79 38 8 41 49
79 15 65 20 39
50 46 18 42 64
40 44 18 14 68 62
39 79 23 20
40 79 44 18 62
50 73 46 52 68 44 62
15 41 44 18 62
62 39 76 79 18
79 18 69 39 8 23
40 44 18 62
40 73 44 58 62
50 46 18 41 44
50 41 44 62 46
68 40 44 62
79 50 46 47 39
40 41 44 62
39 40 44 68 41
79 23 8 20 39 15 62
79 23 39 18
18 62 76 44
39 79 66 75 18
39 46 50 41 79 18
68 44 18 62
68 18 40 44
68 40 44 18
69 8 75 18
44 62 40
40 44 62 80
40 44 14 52 73 62
68 40 44 18
79 66 39 18 23
68 40 18 44
40 44 62
41 76 73 75 44 50
44 15 43 18 40
40 43 44 41
39 50 46 18 65
79 47 18 20 23
50 46 39 44 15 18
79 39 41 43 50 18
50 46 18 42 64 41
43 44 68 40 15 39
23 66 39 79 18
41 52 39 46 18
79 40 18 62
40 44 41 68
79 40 74 18 48
47 23 79 18
68 40 62 44 76
39 40 79 18
79 18 69 39 58 23
79 39 40 18
62 44 15 17 75 50
39 65 69 41 75
18 69 39 41 50
39 41 18 75
18
18 75 52 62 68
79 18 62 44
18 40 62
79 15 43 50 18 39
40 44 62 14 18
68 74 44 40 62
40 41 44 14 62
68 40 44 18 62
18 40 41 44 50 62
39 76 79 58 62 18 23
18 40 44 41
39 65 75 76 41 18
41 75 44 52 40
79 74 18 78 20
40 44 73 52
39 76 18 58 62 50
68 40 44 62
69 41 18 8 75
79 64 8 75 20 46 18
18 62 78 63 40 44
40 44 68 62
50 52 40 46
79 18 23 6 39 58
40 44 14 62
41 44 47 40 18 62
18 69 8 75 41 44 40 62
40 79 73 15 18 39
39 8 44
23 20 6 79 54 18
39 41 50 69 18 46
68 40 43 44
39 44 50 79 23
79 23 66 18
68 40 44 18
40 44 73 14
18 39 41 50
40 73 74 52 57
39 79 18 66
40 43 44 15 62
40 44 68 62
79 40 78 62 63 44 18
39 65 41 15 79 76
79 8 18
40 73 44 52 41
76 65 41 15 18
39 40 79 74 18 44
68 40 44 80 18
79 18 47 39 41 50
68 40 44 62
79 39 75 18
50 18 46 64 39
68 44 18 43 40
79 18 20
40 44 18 41 62
79 18 20 78 39
41 18 69 15
18 47 79 23
68 40 43 44
79 39 66 75
79 50 43 40 20
68 40 44 57 18
68 40 44 18
44 79 62 40
40 48
40 44 41 76 18 62
40 44 14 62
79 39 23 18
68 40 44 46 62
39 79 50 57 46
44 41 52 73 79
79 18 65 39 23
41 44 62 14 52
39 65 75 76 44 18
44 18 79
18 62 66 76 68 44
44 62 68 15 40
41 50 18
40 79 74 44 48
40 44 41 75 68 62
79 40 8 15 18
79 18
39 69 41 18
68 40 44 18
62 41 40 44
79 18 39 20
40 18 80 68 48 44
44 73 40 41 52 62
40 44 64 20 79 62
73 46 52 57 40 44 18 62
40 44 43 14 41
40 18 68 44
40 18 62 44
68 40 44 18
62 23 18
68 40 44 18
40 44 41 18 62
68 40 43 44
39 41 44
39 41 18 69 40 44 62
41 46 40 43 52 44
68 40 44 18
76 62 66 18
50 46 18 23 79 58
46 50 39 40 44 79 18
44 18 52 73 40
69 39 18 75 41
79 8 49 15 18
40 79 39 18
40 41 44 62
79 20 62 44 18
40 44 62 65 68
62 76 14 52
39 41 18 22 44
79 23 20 6 18
79 23 39 18
44 18 73 52
68 40 44
44 73 18 40 41
40 44 68
44 18 46 62 40
50 41 46 64
44 43 48 61 40 62
40 44 18 68
50 18 46 64 41
40 44 68 48 62
39 41 18 65 69
44 62 40 43 14 41
50 64 46 62 18
68 40 44 62
50 43 79 20 40
44 62
62 65 75 76 39 40 44 18
23 66 39 79 20
68 44 40 73 18
39 79 74 78 18
68 40 44 62 63 18
40 44 79 41
39 74 79 78 18 62
79 23 18 54
50 18 46 39 41 79
76 62 75 15 18
79 18 23 47 40 62
69 39 41 18 44
40 44 18 68
40 18 79 23 62
40 44 79 43 62 68
41 47 39 18 23
79 23 39 74 20 18
79 39 18
40 68 44 18
69 79 18 47 8 41
6 18 66 79
68 40 44 18
65 79 75 76 39 18
46 50 64 8 62
68 40 44 18
65 69 18 41 75
50 46 18 41 39
68 40 44 18
39 18 65 41 62 44
79 73 74 57 40
50 18 46 52
50 46 43 79 15 18
44 40 18 41 62
39 79 69 75 23
79 40 18 23 62
39 50 66 46 79 18 23
40 44 18 41 62
40 73 44 41 62
39 41 69 65 18
79 66 39 23 75
23 66 54 18 29
68 44 79 74 40 18
79 44 18 20
40 44 68 62 18
40 79 74 48 18
23 79 39 47 54
40 68 18
40 68 18 62
40 74 52 57 18
62 65 40 44 79 39
41 39 44 18
40 44 62 65 75
40 43 44 14
79 18 74 48 68 62
68 40 18 44
68 44 18 62
39 43 18 15
40 44 14 18 68 62
40 41 44 18 68 62
8 62 44
68 40 44 62
18 79 23 66
39 41 18 47 44
65 41 75 76 39 18
39 79 76 75 18 62
39 69 41 44 46
79 18 47 23
66 75 62 18
79 47 18 20 23
50 64 69 8
79 39 18
39 79 40 43 18
44 62 52 79
40 44 62 14 68
40 79 74 44 18
39 79 23 54 18
68 40 44 62
41 46 50 64 18
68 40 44 18
39 41 18 75 76
50 46 39 41
68 40 44 18
75 69 46 15 50 18
39 18 68 69 15 62
39 65 41 75
68 40 44 18
68 40 44 18
18 62 29 66
79 20 23 6 50
40 73 44 41 68
39 41 44 18
79 39 18
39 41 18 69 75 50
40 44 18 52 62 68
79 62 74 43 18
79 18 8 62 39
75 44 64 8 15 79
18 69 8 75
39 43 79 50 15 18
68 40 44 62
39 41 79 18 75
79 47 39 41 18 20
39 79 23 41 62
40 44 18 68
44 62 40 14 18 41
44 41 43 73 52
40 44 18 68
39 79 18 41 50
44 62 73 15
50 46 64 41 18
68 44 15 62 40 18
79 23 18 20
39 79 47 41 18
79 39 20 23
41 18 76 44 62
68 39 40 18 44
39 79 66 23 18
69 18 8
62 73 44 18
40 44 41 73 62
23 29 66 6 18 79 20
40 73 44 52 62
79 39 74 18
39 79 18 58 23
44 40 41 14 62
79 20 8 49 50
75 79 65 39
39 79 18 58 41 75
79 40 65 44 15
50 46 64 44 79 18
39 41 69 43 18
68 40 18 44
79 47 50 46 18
20 79 39 43 50
68 40 44 62
68 40 18 26 44
40 41 62 14 39 44
39 18 62 44
39 65 41 75 18
39 41 75 18
44 79 62
23 18 20 6 79
50 46 64 8 39 18
40 41 75 44 18
69 18 65 41
79 40 74 41 39
39 79 15 62 66 18 23
40 73 43 44
39 41 46 64 75 65
44 50 18 14 46
39 41 44
79 23 39 20 46
79 8 47 49 62
39 41 18 22
68 44 18 40
50 8 18 46 23 62
39 79 66 75
68 40 44 62
40 18 62 68 44 52
44 62 68 15 40 73
79 23 46 50 18
50 46 47 39 62 18
40 41 44 73 62
40 43 44 73 41
39 62 66 76 50 46
50 8 46 52 18 40
40 44 18 62
44 41 15 62
40 73 44 52 62
79 39 18 23
79 46 18 40 50
40 44 62 68 41
79 23 18 20
43 40 41 48 62 44
68 40 18 44
40 43 44 61 62
50 76 62
41 44 62 14 40
39 79 65 76 18 23
40 44 41 43 62
68 44 40 18
50 46 40 73 79 52 18
40 44 15 62
18 62 66 52 40
40 44 17 62 41 18
46 18 62
50 46 18 23 79
40 18 68 62 44 23
68 40 44 62
40 41 44 62
47 23 79 39 18
79 23 66 18
40 18 44 26 68
79 39 23 66 75 18
40 73 44 62 41
50 39 73 74 46 79 52
23 39 66 79 80 58
50 79 43 15 20
40 73 44 52 62
39 41 44 18
79 47 39 76 23 18
50 41 46 39 42
18 64 69 76 46
79 8 49 21 44 18 23
40 44 46 48 50
79 23 29 50 20
79 46 50 18
39 65 18 41 79
23 79 20 29
39 41 40 47
40 41 44 62
39 76 62 58
50 46 39 73 52 40
40 73 44 52
68 44 40 18
44 46 40 41 52 18
39 79 23 18
79 40 44 18
44 62 41 14 40 18
39 40 74 52 44 18
44 62 68 40 14
79 39 41 50 18
58 2 39 18 29 62 23
79 47 23 65 46 18
79 39 8 44 15 20 18
50 41 46 42 18
40 44 14 62 68
68 40 44 73
23 66 79 39 18
44 62 68 41 40
79 39 18
68 40 44 18
40 79 18 41 44 62
40 18 79 80 57 44
79 75 41 76 44
68 40 44 62
79 23 39 18 20 62
68 40 44 43 18
41 75 18 76 39
40 44 62 43 68
79 23 66 18
40 44 73 52 41 62
79 62 76 39 18
40 62 68 44
68 18 40 73 52 44
39 65 75 79 23 58 18
65 39 75 44 79 62 50 46 18
39 79 18 23
79 23 66 20 18
40 41 44 52 75
39 79 50 15 18
40 41 43 44
79 23 20 29 18
44 43 48 52 62 68 40
68 40 41 44 62
40 44 68
40 44 62 14
40 44 62 41 68
23 79 58 29 20
39 79 18 23 20
44 68 40 41 39
79 20 23 8 29 18
46 73 74 79 57 18
50 41 65 69 39 18
39 40 18 41 44
23 79 18 66 39 20
69 18 41 43
79 65 39 20
41 18 75 14 44 62
40 44 52 73
79 65 39 50 46
39 18 46
47 65 52 15 40 46
39 40 41 44 18
18 43 44
68 40 44 18
69 8 76 18 62 50
79 40 74 68 18 62
79 15 8 44 49
79 23 66 18 20
79 23 18 6 20
39 79 15 23 18
68 40 44 18
44 79 40 8 62
79 18 47 69 39 23
18 46 79 50 23 39
65 41 18 75 44
44 62 40
39 41 65 18
39 40 44 18 62 50 46
41 44 14 73 40
62 18
62 41 76 44 39
79 18 23 39
39 44 79 62 66 18
68 40 18 41 44
50 46 79 65 39 18
79 18 8 75 39 15
40 43 44 18
40 44 68 62
68 40 44 18
40 79 18 68 62
68 40 44 62
39 76 18 58 62
79 47 39 41 74 18
50 41 46 69 39
40 44 68 43 48 18
79 23 18 20
50 46 79 39 8 18
79 47 39
68 40 44 18 62
68 40 44 62 18
79 65 39 8 75 76 18
40 41 64 39 46 44
50 46 18 39 23
41 18 65 75 62 40 44
62 44
68 40 44 18
79 71
79 46 50 39 44 18 47
79 50 46 47 18
50 46 8 79
40 74 52 57 44 18
50 46 39 75 62
68 40 44 62
68 40 44 62
44 79 41 48 40
68 40 18 44
23 18 6 79
39 75 18 69 41
39 18 69 75
68 44 62 73 40
40 44 18 39
39 79 62 75 18
79 23 38 8 49 75 18
39 41 18 68 22
69 41 18
68 40 44 18
40 41 44 62
41 44 68 40 73 62
50 46 69 41 18 39
18 68 70 39 62
23 18 20 79 29
18 69 75 44 8
44 62 68 76 40 18 41
79 65 47 57 46 18
41 44 62 64
41 44 40 14 18 39
40 44 62 41 43
79 47 49 21 18 23
40 73 44 18 41 62
79 50 43 20 40
68 40 44
79 18 62 63
40 44 79 18 68
68 44 62 40 18
40 79 74 48 18
39 79 18 74 23 62
44 68
23 18 20 79
50 18 46 39 79
79 39 66
68 40 44 18
68 40 41 44 39
41 44 73 40 62
40 44 62 68 73
68 40 44 62
8 18 64 69 75 50
39 50 41 73 40
41 44 65 39 75 18
40 18 68
79 50 46 39 18
40 44 62 52 73
43 44 14 61 40
39 46 79 50 18 41
79 75 65 76 62 15
79 18 23 39 66
39 75 76 15 18
68 40 44 74
18 39 40
68 41 44 18
39 44 40 15 62
50 73 44 46 52
40 68 44 62
79 39 47 23 48 50
75 44 68 41 18 40
62 44 14 68 40
40 44 62 68 41
79 40 18 44
65 39 74 46 57 41 79 18
79 39 50 18
44 62 14 18 40
62 18
44 41 73 52 18 62
50 46 39 76 18
79 18 23 39 15 66
18 46 50 66 75 79
75 76 65 41 18 62
43 44 40 41 61
79 74 39 40 48 18
40 41 44 14 62
79 18 62 63 40
68 40 44 18
39 79 65 75 50 18
79 40 74 48
69 8 18 75
68 40 44 62
39 50 46 8 41
39 41 18 22
18 62 69 75 44
39 18 69 41
40 44 62 68
68 40 43 44
50 41 18 40 46
40 44 62
79 18 47 39 75
62 76 52 23
41 44 52 73 62 40
40 44 62
40 44 14 52 68 62
44 18 62 68
40 44 18 68
68 40 44 18
39 76 18 58 62
39 15 79 43 50 40
68 44 40 18
68 40 44 18
79 23 39 21
65 75 76 44 62
40 44 68 18 21 79
62 18
62 40 18
68 44 18 40
40 79 52 57 44
68 44 62 40
68 44 41 73 62 40
68 18 21 40 44
79 39 50 23 18
68 44 41 18 40
39 41 18 69 44
23 66 54 58 29
40 44 62 48 68
79 66 20 23 39
40 44 76 41 62
23 18 6 79 20 58
65 75 76 18 41
18 68 62
40 43 44 15
79 18 44 40 23 62
43 44 40 14 61
44 40 73 52 41 68 62
50 65 39 46 15 57 18
40 18 68 44 41
39 50 15 18
44 18 73 14 40 62
40 46 50 52 74
40 44 20 62 75
65 75 62 44 15 50
68 40 44 46 62
40 41 62 14 18 44
39 79 40 18
73 46 52 57 18 41
39 79 50 46 18
79 18 70 39 75
39 44 68 14 40 41 62
40 44 62 68 18
18 69 8 41
79 8 49 18 20
69 41 18 39
68 40 44 18
69 8 18 65 75
44 52 62 73 40
68 40 44 62 18
68 40 44 21 18
18 79 62
39 75 65 43 41 76 50
39 50 47 64 15 18
18 69 40 41
69 18 46
40 44 62 48
68 40 44 18
65 18 62
40 44 68 62
23 50 46 18 79
68 40 18 44
39 79 23 18
66 62 41 18
50 41 46 8 18
79 18 39 74 78 20
39 44 62 41 68
79 68 39 18
40 41 44 73 62
79 66 39 23 75 18
40 44 62 41 14
79 47 62 18 15
68 40 18 44
44 40 73 18 52 62
39 79 23 66 18
44 50 68 52 40 41
68 40 44 62
40 79 74 18
68 40 18 26 44
68 40 44 18
79 8 75 49 39 18
68 40 44 13 18
44 18 40 68 62
40 44 18 68
39 18 69 41
43 44 62 14 40
39 41 44 18
79 40 43 20
44 62 40 41 14
18 41 8 73
66 79 18 23 39 44
39 18 79 68 40
79 29 18
68 40 44 18 21
39 41 62 69 76
18 64 76 15 47
68 40 44 18
39 79 66 23 75
44 18 40 62 68
68 40 44 18
39 76 18 62 75
41 39 50 18
18 69 8
44 65 41 40 62
79 39 47 18 23
79 39 23 18
79 40 43 15 39
40 44 43 62 68
40 18 44
44 50 43 46 40 41 62
46 39 50 62 79 18
66 18 79 23 39
39 69 41 9
39 79 18 75 23 66
68 40 44 62
39 79 40 74 48 18
68 40 44 18
50 18 69 39 41 79
62 65 75 76 41 40 44 18
75 44 62 65 15
39 50 69 41 46 18
39 18 40 26 68 44
40 39 41 43 15 44 18
73 44 41 62
40 44 73 62 41
39 40 41 44 15
18 79 39 44
40 44 18 23 62
40 18 46 62 44
69 39 75 76 17 18 50
40 44 62 68 18
40 41 44 68 62
39 8 46 79 23 15 18
18 74 46 57 40
69 39 41 44 18
68 40 44 62
40 41 44 14
44 62 40 76 18
79 50 46 47 18
23 6 79 18
68 40 44 18
79 49 8 21 18 23
50 62 46 48 40 44
79 39 20 23
68 18 40 44
68 40 41 44
8 18 65 69
79 40 18 48 74
50 75 64 8 44 46 62
44 18 62 41
40 44 14
68 62 76 44
39 79 66 46 50 18
18 62 76 79
79 40 50 52 18
44 62 40 43 14 41
68 40 44 62
39 46 23 6 79 18
69 8 79 18
39 66 75 79 23
68 44 18 52
40 41 44 52
40 43 44 41 14
69 41 44 18 62
18 69 8 75
68 40 44 62
40 44 18 68 41
62 39 76 44 18
40 18 79
39 41 18 69 44
79 20 6 18 23 29
40 44 68 62
79 39 18 75 23
41 44 52 62
40 44 41 62
68 40 44 62
69 41 18 8
50 41 18 46 47
40 44 18
41 62 69 75 18
41 76 18 65 39
39 23 41 18
68 44 18 40
50 46 69 39 18
41 44 18 64
40 44 18 15 23
40 18 79 15
18 23 79
79 18 20 8 66
41 44 40 43 39
79 18 20 39
68 40 18 44
68 40 44 21 62
44 43 68 76
39 40 44 62 41
40 44 68
40 44 73 14 68 62
40 44 62 14
50 41 46 69 39 47
40 44 79 57 73
75 76 65 39 17 18
69 18 79
44 62 65 41 15 50
75 39 40 41 46 79 18
39 41 18 44 58 40
69 8 75 18
40 18 62 46 44
40 44 62 73 41
68 40 44 62
40 62 39 44
39 41 18 65
68 40 44 18
50 64 46 73 18
40 44 62 14 68
40 18 68 44
68 40 44 18
39 79 18 8 66
40 44 62 68 41
18 40 44 50 79
79 40 48 80 44 18
39 79 23 20 18
79 39 8 44 15 47 18 23
40 44 18 62
39 40 79 73 44 18
39 41 69 75 18
40 73 44 52
41 44 52 28 40 62
39 69 41 18
39 79 23 43 44
40 44 62 14
79 39 18 57
41 44 40 62
79 52 57 39 44 50 62
79 39 64 23 18
40 68 44 18
41 18 69 39 44
40 68 44 18
68 40 44 41 62
68 40 44 18
41 44 18 62
18 68 40 41 44
69 41 18 44
62 78 18 44 79
39 65 76 50 15 79 18
68 44 40 62
40 18 39 50 62
41 50 46 18 42
40 79 15 39 43 48
40 44 62 68
68 40 44 14 18
44 68 62
50 46 44 79 62 18
39 41 65 69 40 44 18 62
18 62 69 76 40 79
41 44 18 14 39 62
62 65 41 44 15 46 50
79 23 39 18 20
79 15 39
79 18 23 66 39
68 40 44 62
44 73 52 62 40 18
39 44 62 41 75 40
39 69 41 18
39 46 50 41 79 18
41 18 69 32
46 50 39 76 79 62 18
18 39 79
41 18 46 50 39
68 40 44 18
39 41 79 23 40 18
79 66 18 20
68 44 79 40 18
41 44 52 46 40
68 40 44 18
68 40 44 18
40 18 15 44
79 39 41 18 40 44
43 44 40 15 46
68 40 44 74 62
68 40 44 18
44 41 73 52 62 40
79 39 46 18
79 23 21 18
39 79 18 41 23
40 44 73 52 68 62
39 41 50 44
39 79 20 50 62
44 40 73 52 41 68 62
44 18 62 14 40 41
79 39 8 62 18
79 23 39 54 18
40 44 39 18
40 68 39 44 18
50 46 64 18 52 79
79 46 50 39 47
79 8 49 18
44 62 40 68
69 8 18 47 65 79
68 40 18 21 44
39 41 18 21 40
50 41 18 46
79 62 8 41 18
44 62 76 52
40 44 18 41 15
40 44 18 41 62
69 41 75 76 39 18
68 44 18
79 8 38 49
18 39 40 41 43 50
39 40 74 18
79 74 15 23 39
79 23 18 39 49
40 18 39 44 79 62
50 18 46 39 52
40 44 62 68 73
39 73 15 18 41
79 39 62 18
23 66 79 18 20
46 79 18 64 39 44
40 43 44 20 50
62 65 18
39 50 79 46 18
79 8 41 75 49
8 75
68 40 44 18
40 18 68 44
79 41 44 46 14 40
46 79 64 8 18
18 62 44 14 79 23
40 41 44 64 62
40 44 41 52
44 62 41 18 68 40
18 8 62 44 40
40 44 68 14 18
79 40 18
39 41 18 47 44
40 79 68 44 18
76 18 23 75 66 39
62 76 18
68 40 44 62
46 50 64 69 18
62 44 18 41
79 50 47 18 46 62
39 79 18 23 50
68 40 44 74 18
18 39 40 44 50 46
50 46 64 18 52
50 39 41 75 65
50 18 46 64 79
68 40 44 18
23 66 6 18 79
68 40 44 62
40 44 62 79 18
39 79 23 18
39 79 66 75
41 50 46 58 40
40 44 68 18
66 18 39 79 20 62
39 44 62 69 75
39 79 23 54 18
50 47 69 41 46 79 39
50 65 46 44
50 46 64 15 79 39 18
41 44 18 68 62
50 18 46 69 41
43 44 41 40 46
68 18 44 62
69 39 41 50 76 18
40 44 14 62
44 41 39 73 52 50
44 18 68 62 40
79 39 18 23 78
68 46 44 18 50
79 74 43 48 40
40 44 18 68 26
18 2 39 58 62 23
76 64 44 15 18 47 62
40 18 26 68 44
40 44 41 43 15 39
40 62 73 52 44 18
18 62 52 40 44
79 23 50 20 29 39 40 18
68 40 44 18
44 41 14 73 40
62 76 44 18
39 46 79 57 15 18
39 40 44 15 48 65 43
40 43 44 41 68
40 39 44 18
43 44 41 15 68 40
40 43 79 20 44
40 44 41 43
79 39 40 18 15 62
40 44 68 43 18
23 66 18 79 58
18 46 50 39 79
69 41 62 8 39 18
41 18 46 42 50
39 40 68 44 18
44 68 15 18 62 40
68 40 44 62
76 18 64 8 65
50 18 46 39 44
68 40 44 18
40 79 68 44 18
40 43 44 14 62
68 40 44 18 62
68 44 40 18
40 76 43 44 62
73 52 62 44 40 50
79 40 39 18
69 39 18 41
39 79 18 41 62
41 74 46 57 40 44 18 62
41 44 46 50 15
44 73 18 62
18 39 50 46 79 23
40 44 18 62
39 41 18 62
39 41 75 18
79 50 46 62
68 40 44 62
41 44 14 40 18
41 44 18 14 40 73
39 41 18
79 47 18 6 23 20
39 79 18 23
76 50 73 75 41 44 62
40 44 18 68
79 40 44 48 43 18
79 65 44 75 76 46
79 39 47 18 66 62
79 39 40 73
23 66 18 79
69 18 8 62
73 43 20 61 62 44
68 40 41 44 18
68 40 44 62 39
18 39 79 23 26
18 62 73 75
40 44 64 69 68 18
41 44 62 14
44 50 43 15 39 40 18
69 41 18 39 44
69 18 64 32 46
69 18 39 62
40 44 52 73
79 15 39 8 49 52
18 40 41 44 62
40 44 18 68
68 40 44 62 18
40 44 62
40 44 68 14 62
39 43 40 41 18 50
40 44 18 68
79 18 40
79 66 39 18
68 18 40 44
39 41 18 75
50 39 46 79 64 18
68 40 44 62
68 44
50 39 41 64 18 46
39 18 66 79 15
50 74 46 57 18
68 40 44 62 18
18 68 44 62
50 41 18 69 39 79
68 40 44 18
79 47 39 40 44 18
40 44 62 41
40 44 68 39 18 62
44 62 14 18
68 40 44 18 62
62 76 44 52
39 76 18 58 62 65
68 40 44 18
40 44 18 52 68
79 65 39 50 23
68 18 40 62
39 41 18 68 62 44
68 40 44 62
44 40 43
40 44 62 68 18
79 23 66 20 39
40 79 74 48 39 18
40 44 18 62
44 65 75 18
39 79 47 48 40 41 18
68 40 44 62
52 73 74 79 57 40
40 74 79 48 18
44 62 40 46
79 47 18 62
64 65 8 41 18
39 41 18 65
39 79 18 65 75
39 79 15 43 23
40 44 18
40 62 44 18
68 44 62 76
40 41 44 9 62
40 44 14 68 62
50 46 52 57 18
39 18 23 58
39 79 41 65 18
40 44 62 68 14
39 40 41 68 18 44
50 41 18 46 47
40 79 44 18
23 18 76 79 58
44 68 40
40 79 18
68 40 44 18
40 41 44 18 62
79 39 74 43 78 18
68 44 62 52 40
40 79 74 52
68 40 44 62
18 46 79 50 75
39 41 44 69 40 18
39 79 23 65 75 66
68 40 44 62
41 44 73 14 40
50 41 46 42 18
40 41 44 62
68 40 44 80 18
44 41 52 62 18
40 18 62
44 68 39 40 41 18 62
62 66 79 20 18
79 39 18 50
40 44 62 41 73
68 40 44 18
40 79 74 48 18
79 18 20 23 66
41 65 75 76 39 44 18
69 75 76 17 18 41 62
68 40 44 18
62 78 63 40 44 18
75 65 40 76 39 44 18
44 41 73 52 40 18 62
40 44 68 43 18
79 65 69 39 18 50
40 73 44 43 62
68 40 44 74
68 40 18 44
40 44 62 14 41
41 44 43 50 46
18 44 78 62 63 68 40
15 39 43 44 18
18 69
23 18 66 79
40 62 18 44
68 40 43 44
41 79 18 20 23
68 40 44 62
43 44 73 41 40
68 40 18 44 23 62
75 44 73 41
79 23 39 62 18
39 18 23 62 69
40 44 62 52 68
44 52 41 73 62 40
65 41 79 18
79 62 40 74 48 41 44
68 40 44 18
69 39 75 18 41
79 39 75 18 62 20
50 46 79 15 39 18
47 23 79 20 18
79 40 41 78 39
68 18 41 62 44
40 44 18 41 62
44 40 41 18 65 39
44 18 41 14 62 40
68 40 44 52 62
79 23 68 39 50
79 20 66 39 40 18 23
40 52 73 57 68 74 18
40 44 73 52 62
65 39 75 79 76 18
79 50 65 39 75 18 46
79 23 66 18 50
39 41 69 18
79 40 18 74 78
47 64 43 44 15 18
50 46 79 8 18
79 8 49 20
40 46 52 73 57 18
39 50 69 46 20 41 18
39 40 65 44 15 41
18 23 40 62
44 18 73 52 68 40 50
79 23 50 29 18 20
39 44 79 43 62 40
23 50 39 73 46 52 18
39 41 18 65 40
44 50 73 46 41
18 62 65 75 39 44
40 18 68 44
68 52 21 57
73 44 41 43 75
68 62 78 21 63 18
68 18 62
39 43 44 15 50 18 46
41 44 18 62 50
50 23 6 40 41 44 18 62
68 40 44 73 62
79 39 18 20
79 50 18 46 23
40 18 62 68 44 23
40 18 44 62
40 44 18 41 62
41 44 62 73 68
39 41 18 62 76
79 65 44 57 39 46 18
40 79 73 52 44
79 40 74 48 39
68 40 44 62
41 46 50 64 39
40 18
40 44 68 62
23 66 18 79
62 18
79 23 39 20 75
50 46 79 44 15
68 44 73 74 52 40
44 62 41 75 68
40 44 73 52 62
79 50 46 62 18
41 18 64 69 46 50
40 50 46 48 43 44 62
68 40 18 44
79 23 18 69 39
62 40 73 44 52 76
39 41 44 69
23 79 66 39
68 40 44 62
79 23 68 6 18
40 44 18
40 41 44 62
79 18 39 74 15 40 44
39 41 65 75 18 44 62
79 40 75 8 18
43 41 48 39 40
40 44 18 68 41
65 74 46 57 18 50
39 66 79 68 75
40 79 18 23
40 44 62 41 18
41 44 52 73 40 62
79 73 44 80 18 20 23
41 18 69 44 46 47
62 18
41 43 46 50 44
41 18 50 69 39
79 50 52 74 40 44
46 79 18 42 41 50
39 75 41 73 46
79 23 39 20 29
40 18 69 41 44 62
39 79 18 65 41
44 62 73 14
39 41 18 75
79 18 66
50 46 18 64 39
68 44 18 40 62
39 75 76 65 18
40 41 44 50
44 18 73 52 68 40
68 44 40 18
46 79 50 73 20
40 44 43 14 62
50 46 64 52 39 18
68 40 44 18
39 41 44 65 40 18 62
46 39 43 15 57 47 41 18
40 79 44 18
44 62 73 15 40
43 44 18 40 41 62
40 41 44 50 18
50 46 18 23 79
40 44 62 52 43
43 44 73 52 40 41
68 40 44 62
79 18 23
68 40 44 62
79 18 39 47
68 40 44 18
18 69 52 57 75 46 79
79 75 8 18
68 40 44 18
68 40 18
40 44 41 14 62
68 40 44 18
40 44 43
68 44 18 62
40 44 62 68 14
68 44 62 40 18
79 40 74 48
23 20 29 66 18
50 64 46 20 18 79
43 44 40 14 61
66 39 18 75 23 79
62 76 68 44 18
40 76 15 48 39 44 62
41 76 52 73 62 44 18
79 18 23
75 44 65 52 40 62
62 39 23 18
40 44 68
68 40 18 44
79 74 46 78 39
40 44 18 68 39 62
39 69 41 18
79 74 43 78 39 18
79 44 8 75 62 18
40 44 62 68
40 44 18 62
40 44 18 62 41
39 18 41 44
62 40 44
50 18 79 46 52 40
18 62 44
79 46 50 39 44 62
79 62 43 29 18 23
79 69 39 46 18
39 18 15 41
68 40 44 18
68 50 18 52 44 62
40 44 62 15
79 49 18
68 40 44 18
79 50 52 73 46 40
69 41 47 50 39 44
39 41 69 75 65
44 18 69 52
39 18 41 15 40 44
18 40 44 41
79 50 23 39 74 18
40 44 62 68
39 44 18 43
76 62 79 18
40 76 44 18 62
79 43 20 29 50
79 39 18 15
39 65 75 49 18 40 44
79 8 39 18 20
39 79 47 23 41 18
79 18 47 49 62 23
68 62 40 44 76
50 46 52 68 18
50 39 40 46 18
40 52 73 57 74
62 40
44 40 41 18 62
40 44 79 68 57 18
40 44 15 48 18
39 79 40 44 62
40 44 62 52
79 23 66 39 18
41 44 65 39 75 18
40 44 62 15
79 8 23 66 18
41 44 39 17 18 62
44 15 62 65 40
68 18 44
40 44 62 68 48
79 50 46 64 8
68 40 18 44
79 18 23 15 39 62
39 69 41 79 46
39 65 40 79 48 18
75 18 65 69
50 18 46 64 39
40 43 44 41 62
39 18 44
40 44 62 14
79 74 40 78 18 39
68 40 44 62
79 39 18 50 62
39 66 18 23 58
41 39 43 40 44
68 40 44 62
40 44 68 41
44 65 73 52 41 18 62
44 62 65 68 18
18 39 26 62 63 40
76 18 62 66 68
18 39 40 44 79 20
68 44 18 15
50 46 64 39 8 18
40 73 44 52 62
79 47 15 18
39 50 46 18 26
41 18 69 75 76 62
40 44 73 41 68 62
79 65 39 20 18 50
79 18 23 29 20
40 44 62 15
65 41 75 76 62 18
40 18 62 80 44
39 75 18 69 41 40
43 44 73 14 40 41
65 74 46 57 40 41 50
40 18 44 23
40 44 62 14
68 40 44 18
46 73 79 52 57 50 18
50 41 46 69 18
39 40 47 18 44 23
18 20 23 45 79 29
40 79 39 44
79 23 47 26 62
79 43 50 20 40
40 44 68 62 18
68 40 44 18
66 18 75 79 58 23
40 74 52 57 44 62
41 75 18 69
79 23 39 62 18
44 79
80 65 76 79 23
69 75 18 8 39 20
79 23 76 62 39
40 44 18 41 62
50 46 39 18
18 20 23 66 6 79
76 18 62 39
41 64 69 8 18 44 40 62
68 40 44 18
68 40 44 18
65 39 79 15 40 62
40 44 68 79 18
39 79 50 62 46
40 43 44 41 50
23 79 20
75 39 41 18
79 23 44 18
68 40 44 18
68 41 44 62 18
47 41 50 69 39 46
68 18 40 26 44
23 66 18 75 79
18 40 44 23 62
68 73 44 52 50
68 40 44 62
43 44 18 8 40
18 66 6 39 79 23
40 44 62 4 73
79 23 66 39 18 20
40 44 62 79 18
39 79 23 18
79 39 18
39 41 18 44
68 40 44 18 79
39 23 79 76 18
40 44 41 50
40 44 62 43
79 74 18 40 44 62
79 39 40 44 18
79 39 8 41 44 18
40 79 44 18
68 40 18 44 21
18 64 69 8 50
40 44 68 62
39 44 73 48 40 79 62
41 44 18 40 62
18 39 40 44 79
79 40 18 44 62
40 41 44 62 68
65 75 44 73 39 41
40 73 57 74 44
40 15 18 62 39 44 79
79 40 18 62
68 40 18 44
40 41 44 14 62
40 18 44
23 46 50 66 39
79 39 23
23 66 20 79 18
18 39 79 62 23
68 40 44 18
69 8 75 18 65
40 68 44 18
68 40 44 18
44 65 73 41 39 40 62
46 79 39 73 74 57 18
44 62 63 40 18
40 73 44 52 68
79 43 80 20 40 50
39 79 18 65 20
40 18 68 44 26
18 44
65 76 41 75 44
40 44 73 74 68 62
18 29 6 45 20 23
68 44 18 40
40 73 44 52 18 62
79 39 40 75
40 44 41 18 68 62
18 79 68 39 40
41 75 76 65 18
39 66 18 79
73 44 68 52 62 40
41 44 73 62 40
68 40 44 48 18
79 39 23 18
39 41 44 65 62
40 79 44 18
40 44 73 52 62
18 40 44 62
44 40 18
68 40 44 18
39 47 18 15 44
39 41 18 76 62
68 40 44 18
50 41 18 46
39 65 69 41 44
68 40 44 62
40 44 41 14 62
65 39 44 62 18
44 18 14 62 41 43
76 8 79 49 52 21
75 18 62 44
68 18 40 26
46 73 74 50 79 52 18
40 44 68 18
50 23 46 58 18
18 68 40 44
69 39 41 18
18 40 44 79 50 23
43 73 44 48 40
65 75 40 62
39 76 75 58 18 50
65 79 18 39 41 75 50
18 8 21 44 40 52
40 44 73 43 52
23 18 20 29
65 18 40 41 44 62
41 76 18 62
40 44 62 68 18
18 39 79 66
18 69 41 58
68 40 44 18
79 40 41 39 44 18
44 62 73 14 68 40
68 40 44 18
79 62 18
79 39 40 74 52 18 23
40 44 18 73 68
39 40 41 79 18
40 44 68 14 62
79 18 68 23 62
40 44 68 18
68 44 18 15 40
76 62 41 18
62 44 40 41 18
40 44 62 18
79 20 80 50
68 40 18 44
68 44 62 14 40
44 62 43 14 40
68 39 40 18 44
79 15 65 44
18 62 41 39 40
40 44 68 52 28
79 47 39 46 18 23
68 40 44 74
39 18 65 69 79
44 79 62 40
79 66 50 23 39 18
65 75 76 41 18
50 79 20 43 46 40
40 41 44 18
40 47 23 18 68 79
39 41
40 44 73 43 62
79 23 50 29 18
79 66 18 23 20
18 40 44
50 18 46 64
69 41 75 18
68 40 44 62 18
66 79 18 23
68 40 18 26
39 41 44 58 40 18
40 18 68 44
79 23 66 18 39
18 40 44 79 23 46
39 41 18 69 44 62
39 79 15 65 18
50 18 69 39 8 46
40 44 18 68
79 23 20 29 18
40 44 73 52 79
40 43 44 41 62
39 41 75 69 18
39 18 65 75 23
39 23 79 47 54
47 23 79 20 18
68 44 18 40
50 46 44 39 18
18 62
68 40 44 18
44 65 40 18
40 44 50 46 68 62
44 62 68 76
44 50 52 73 40
40 44 18 68
68 18 44 62 40
18 62 39 79
79 47 44 18 39 15
68 40 44 62
79 74 62 71 18
68 40 18 44 26
40 44 18 68
79 18 20 78 39
79 40 57 39 18
39 50 41 75 44 62
44 76 62 52
44 62 73 18 52
44 43 15 62
68 40 18 44
50 46 18 69 79
68 40 44 73 62
68 40 44 18 39
79 23
39 79 23 18
44 62 43 15 40 18
39 41 65 76 18 40 44 62
40 73 52 68 44 50
62 40 76 46 18 44
50 41 18
39 41 18 65 69
68 40 44 62
39 41 18 44
15 39 8 75 44 79 18
65 39 75 76 18
39 43 79 18 62
39 79 23 69 8 18
44 62 68 40
68 40 44 18 62
18 62 44
39 50 65 69 41 18
79 40 74 48
65 75 76 39 46 18
40 43 44 14 62
62 18
39 18 65 15 44 79 62
68 40 44 18
79 18 20 8 23
50 76 46 58 18
43 44 40 41 14 62
50 46
79 50 46 18
44 73 76 52 62
18 66 79 23
62 76
76 65 18
18 68 40 44
79 20 65 39 75 18
41 18 69 39 8
39 50 46 79 66 18
39 79 18 78
40 44 62 41
68 39 18 41 44
79 40 74 48 39
66 20 23 18
66 39 23 18
39 79 23 66 18
39 41 44 69 40
79 39 43 57 62 40
79 39 18 23 6 66
39 79 50 46 78 18
62 40 18 44
40 62 44 52
46 50 73 43 52 40
40 44 18 62
44 18 62 40 41
79 18 39
40 73 44 43 52
69 39 41 75 18 50
44 62 68 41 18 40
40 44 68
43 44 8 41 68 40
69 8 18 65 75
40 41 44 62
79 18 20 23
41 44 76 14 62 18
18 46 50 39 79 20
79 64 69 8 50 18
18 62 78 63 68
68 40 41 44 18
79 18 15 62 39
40 44 43 62
68 44 18 14 62
79 40
68 18 40 44 62
23 18 20 45 79
39 76 18 75 62
68 44 40 18
41 40 42 44 50 18 46
68 40 44 18
39 79 23 20
68 44 18 62
79 8 49 18 21 23
40 44 62 14 41
39 40 44 41 14 62
79 15 62 39 49 18
40 43 44 73 18
40 44 41 14 18
40 44 73 52 62
40 44 57 41 62
44 40 52
69 18 8 75 46
40 41 62 76 44
40 41 44 17 62
68 40 44 18
79 18 73 78
40 44 62 73
8 18 69 75 23 62
41 65 40 79 62 46
79 66 23 39 8 18
39 50 75 41 46
39 65 66 75 79 18
79 18 39 23
68 44 40 73 52
40 44 14 18 41 62
43 44 14 61 40 62
40 41 18
79 47 23 65 39 20 18
68 40 44 18
68 44 62 40 76
41 46 79 42 65 69
46 50 52 44 40
44 68 18 39 40 79
41 44 62 75
40 18 44
44 40 14 62
39 75 48 62 18
44 76 13 73
50 44 18 15
43 44 68 40 62
18 50 64 39 46 79 23
44 62 73 18 52
79 39 15
44 67 40 18 41 62
40 18 41 74 48
39 50 46 15 18
44 62 73 52 68 40
40 44 68 62
62 66 76 18 52 44
50 46 64 65 75 41
68 40 74 44 18
79 75
40 79 44
68 40 44 18 62
39 40 79 18 62
68 44 18 40
68 40 44 18
50 41 69 46 39 18
39 50 18 46
39 79 40 57 18
79 40 20 62
44 40 43 41
40 44 68 62
79 65 39 75 76 66 18
39 44 18 52
79 47 18 39 15
39 79 23 40 20 44 62
44 18 40 41 14
79 8 44
79 50 20 29
18 79 62 39 40
46 18 64 69 41 50
18 20 39 40 79
44 14 18 62 40
41 8 18 44 40 62
50 46 79 64 20 18
79 50 18 8 46
79 40 74 48
39 79 44 15 62
79 18 62 68 44
39 79 15 49 18
23 6 18 20 58
23 66 18 29 20
68 40 44 62
68 40 44 62
40 18 68 44
39 62 44 18
18 39 41 44 79 50
68 40 44 18
44 18 68 40
79 23 66 39 18
43 44 52 61 62 40
47 79 39 18
65 75 79 18 44
39 65 40 79 18
76 2 39 18 58 62
40 44 62 68
69 8 18 65
39 79 74 43 18
39 40 41 44 62
68 40 44 62
44 62 40 73
50 46 39
40 44 73 52 41 39
79 8 62 18 20
39 41 18 76 62
44 52 62 40 73
68 40 44 62
44 41 76 62
68 40 44 18 62
40 43 44 68 62
18 79 66 6 39
68 74 44
40 44 18 41 62
40 43 44 61 62
50 46 64 8 18 39
40 44 18 41 62
39 69 41 79 18 62
39 79 75 18 62
39 79 18 15 46
79 23 18 6 39
39 41 75 17 18
68 44 18 40
18 69 41 62
50 46 62 44
39 41 44 69 40 18 62
39 79 66 75
40 43 44 18
79 40 74 80 18 15
68 40 44 74 18
40 41 44 73 62
46 52 73 74 40 50
18 79 23 50 29
76 79 39 18
68 40 44 52 62
79 23 20
79 50 43 20 40
79 44 39 46 57
75 79 65 39 41 18 23
40 44 73 52
40 44 62 68 41
68 41 44 52 62
79 8 49
68 44 62
39 79 66 75 18
18 75 40 44 62
79 40 44 57 39
44 18 43 14 40 41
39 41 44 62 40
40 18 69 41 44
39 79 69 41 18
18 68 40 44
40 44 62 41
79 47 18 26 62
68 40 44 43
18 46 50 64 39
62 44 18
39 41 65 75 44 40 18 62
40 44 68 62 18
44 62 14 52 40
23 79 39 18
79 80 40 74 48 18
68 18 40 62 44
79 47 62 75 44
68 18 41 44 40
41 40 75
68 18 21 40 44
46 50 73 79 52 39 18
39 69 41 46 50
39 23 79 20
40 44 18
79 50 20
44 62 41 14 18 40
40 44 15 62
18 44 62
62 65 73 18 52
79 46 50 39 73 52
44 18 62 40
79 23 8 18 20
79 18 15 20 75
69 41 75 18 39
62 39 73 44 41 18
39 47 15 79 23
44 41 73 43 62
40 44 62 73 18
40 43 44 15 41
41 65 50 18
41 18 65 69 76 44
79 18 40 62
50 46 64 79 20 18
68 40 18 44
79 65 41 15 39
76 62 18
40 44 18 41 23
39 41 18 76
79 40 48 74
68 40 44 18
23 54 66 58 29 18
39 15 18
44 62 4 58 40 50
79 23 47 39 18