
46 6 76 64
40 80 68 21
18 26 23 66

79 66 23 20
76 15 64 66
46 64 20 58
66 8 46 47
68 40 80 21
66 23 20 76
47 46 15 58

66 23 20 29
79 23 66 20

46 64 8 76
23 79 66 20
14
46 64 8 50
8 69 20 47
65
79 23 66 47
80 74 68 40
68 40 80 18
74 47 79 80

66 23 76 18
68 40 80 21
40 68 80 44
46 8 15 50
68 62 15 14
40 68 80 21
80 68 40 18
20 46 6 15
41 47 39 15

43 14 52 44
79 20 23 66
20 8 79 57

43 14 41 73
26 18 76 68
43
18 68 40 79
65 66 69 21
8 69 46 47
79 66 20 47
68

40 68 18 80
79 15 23 47
66 69 23 79
66 23 20 79


65 79 23 20
46 8 76
21 23 46 79
15 21 79 18
14 68 62 34

20 46 6 8

47 74 79
18 68 21 23
40 80 68 21
76 46 6 15
43 73 15
47 79 58 23
40 44 43 73
62 18 68 21
47 79 23 46
40 68 60 62
46 47 79 64
43 73 52 68

43 62 40 41
43 15
68 62 21 14
66 79 20
74 57 80 79
68 40 44 80

64 65 69 20
18 26 68 76
69

23 79 66 20

65 58 20 23

8 64 46 58
62 18 66 68
40 68 44 80
69 15 21 46
41 47 39 15
34 68 14
66 79 20 23
66 23 6 65
66 20 23 79

43 73
44 40 73 43
79 20 66 23
14 34 68 62
23 79 15 18
79 23 15 20
20 47 76 15
43 61 14 40
68 23 18 64
66 79 20 23
15 46 47 8
80 40 62 21
78 73 43 52
46 50 64 47
66 43
40 68 44 21
64 68 40
43 40 73 61
18 23 15 66

79 20 47 66
66
47 79 8 65
14 34 68
47 79 46 8
68 40 60 80
66 79 64 65
66 18 68 26
46 47 15 8
46 47 8 58
66 23 6 79
41 64 46 47
21 15 18 79
14 65 23 41
76 47 23 79
47 74 79 80
14 34 68
18 26 68 6
47 15 21 23

20 79 8 64
23 66 20 6
23 46 76 50
14 34 68 21
57
74 62 80 21
26 6 76 75
23 46 47 79
43 20 79 58
68 23 79
43 14 61 62
20 79 58 66
76 46 8 58


66 20 23 79
79 47 23 46
8 15 46 79
64 65 20 46
20 79 66 23
68 40 44 21
68 18 80 20
46 8 52 64
40 68 18 80
23 66 6
79 66 23 20

23 15 76 18
64 66 20 23
40 80 21 15
69
44 40 14 68
13 68 44 40
23 46 47 8
14 44 43 40
20 79 66 23
79 20 23 46

21 44 40 73
40 66 15 80
15 52 64 46
48 74
79 47 23 18
40 68 18 14

79 20 8 66
29 65 66 80
18 26 68 40
66 23 20 46
46 50 6 8
14 34 68
68
68 40 60 62
68
20 66 79 23
43 61 73 40
40 80 21 48

20 58 65 46
20 64 65 66
66 23 76 18
68 40 80 21

40 65 79 43
68 43 40 48

47 65 69 21

46 50 8 20
79 66 20 23
62 65 69 41
43 61 73 14
68 40 80 26
68 14 62 47
68 40 44 13
68 34 14 44
66 23
65 69
43 73 52
64 20 46 8
79 66 20 23
66 79 20 23
66 64 46 8
69 65 8 39
80 74 79 57
29 66
13 68 44 40
80 68 40 21
43 73 48 13
64
20 79 66 23
64
68 21 40 15
68 43 61 21
14 34 68 62
15 64 65 66
66 23 6 76
66 76 79 23
68 40 80 26


40 68 80 21
65 29 23 48

79 66 69 20
62 68 44 43
80 23 79 18
43 61 68 14
46 41 79 50
40 68 44 21
79 80 21 23
79 66 23 46
68 18 62 21
68 40 60 44
14 43 68 44
79 20 8 46
66 23 6 20
34 14 68
40 14 44 43

69 64 65 66
14 62 68 20
65 66 20 47
14 68 34
43 61 80 21
76

66 46 50 64
68 40 44 13
80 74 79 64
40 68 18 80
43 61 44 40
64 46 76 6


18 68 14 62
40 44 68 73
62 68 21 44
64 69 23 46
68 40 44 43
73 48 44 43
47 79 65 20
20 58 65 46
68 40 18 80
79 20 74 78
68 40 18 80

62 64 65 66
40 62 44 43
23 20 46 79

79 47 74 66
23 29 66 6
68

40 68 80 26
64 46 8 76

68 40 80 21
46 20 50 64
40 68 80 44
68 26 40 18
40 68 44 13
14 21 43 73
66 79 23 15
23 62 21 76
76 66 15 68
76 46 23 50
20 66 79 80
46
14 73 79 21
79 66 8 20
46 15 50 64
68 40 80 21
40 14 43 73

43 73 14 52
64 46 8 76
23 79 66 20
47 79 76 66
68 14 34 62
14 44 43 40

68 40 21 44
23 46 79 15
68 40 44 21
43 61 68 40
18 68 62 23
46 64
65 66 69 23

46 64 8 50
64 20 46 8
21 40 74 68
40 68 18 21
79 47 66 20
18 40 68 80
18 23 76 66
68 40 18 80
66 20 23 46

46 43 8 76
68 40 80 21
14 34 68
68 14 44 40

23 15 18 66
6 76 52 64
65 39 64 69
66 79 20 23

40 41 15 68
64 65 46 42
46 64 21 8
68 40 44 48
58 64 69 20
46 50 64 8
26 18 76 68
26 18 68 43

43 40 48 13
18 23 66 76
47 20 65 46
40 73 14 61
79 20 47 66
74 79 15 80
18 20 66 23

40 68 44 80
79 23 47 66
23 66 20 79
79 66 20 23
40 80 57 68

79 15 40 20
23 47 76 79
80 40 15 18
15 23 46 47
68 6 76 66
76 46 65 23
47 65 69 41
66 20 23 6
42 65 76 75
14 34 68
14 34 68 62
69 8 64 65

65
68
18 62 80 21
68 18 40 26
66 20 23 6
18
79 66 20 23

74 78 47 79

68 44 40 21

14 21 79 18
68 43 40 73
65 68 18 80
40 68 13 44

66 79 20 23
43 68 44 40
66 20 79 23

68 40 18 26

66 68 14 62
69
8 46 47 64
66 23 64 65
68 18 26 40
66
47 79 15 58
15 52 47 8
66 23 20 46
14 52 68 73
68 18 8 76
44 43 40 73
43 44 40 61
64 65 66 69
14 73
80 48 43 68
66 79 64 46
20 46 50 47
40 43 68 80
40 44 14 68
14
68 80
40 60 62 63
43 61 14 44
66 23 6 80
66 79 20 23
23 66 6 46
66 23 79 20
41 15 47 39
8 69 23 46
68 40 80 21
34 14 68 15
79 47 20 66
68 40 80 21
23 66 18 20


47 79 65 23
40 68 18 80

15 21 80 40
64 46 50 65
43 73 41 14

65 21 73 52
68 44 40 14

18 65 69 23
65 23 66 79
18 26 68 23
14 62 64 65
20 46 47 8
58 65 20 46

43 40 73

74 47 79
43 61 14 44
8 57

47 79 64 46
23 18 66 68
15 52 73 65
14
66 23 79 20
66 79 20 23
40 68 18 80
66 23 20 6
68 40 62 23
43 79 64 65
43 73 15 74

68 21 44 40
58 46 50 20
66 46 23 79

68 40 80 26
40 23 18 76
23 66 20 76
66 20 23 79
73 52 43 40
43 73 14 52
79 66 23 21

26 18 68 80
47 79 66 20

65

68 40 80 26
65 73 14 13
79 80 74 15
68 40 26 18
40 68 80 21
46 47 50 64
76 65 80 23
14 34 79
79 66 20 23
46 58 50 64
14 40 34 62
79 20 23 47
68 40 80 26
66 76 23 6
40 73 14 68
14 41 62 65
14 44 43 41
47 79 46 74
69
79 68 48 23
68 40 60 62
66 23 79 80
14 34 68 69
43 8 13

41 64 69 23
69 46 50 64
46 47 58 50
15 46 58 50
76
26 18 68 40
42 20 66 79
40 68 13 48
43 61 44 40
68 18 40 26

21 23 76 79
23 79 47 66
18 80 20 79
79 66 20 47
46 50 6 58
68 40 18 21

21 23 79 15
43 61 48 23
64 76 20 46
80 40 68 21
40 80 68 21
79 23 46 50
14 44 61 52
66 20 23 79
18 40 21 23
41 15 18 52
40 18 68 21

78 74 15 80

68 40 26 18
40 68 44 13
46 47 69 41
40 68 80 21
76 46 50 23
40 68 80 21
66 23 6 79
40 73 14 60
66 23 20 79
73 52 61 44
20 66 79 23
62 43 40 41
43 64 66 26
41 15

41 15 21 23
29 62 64 65
68 44 40 74
68 40 18 80
42 69 23 41
65 66 23 20
44 40 43 73
20 76 58 23
65 69 23 8
23 65 66 80
41 15 18 79
14 44 43 40
18 68 79 66

18 65 66 68
68 18 62 20
65 66 79 21
66 20 79 23
79 23 47 15

14 68 80 44
79 23 47 15
66 76 79 20

20 23 66 46
40 21 68 80
14 34 52 68
68 40 62 80
43 61 73 44
69 65 39 64
40 68 80 21
40 68 14 44
57 44 40 68
40 68 18 80
73 14 43 52


44 40 68 80
47 79 20 39
43 61 68 40
68 13 44 40
76 65 66 80
68 40 64 43

64 65 67 20
52 73 46 43
68 44 40 73
47 46 15 21
20 47 76 15
43 73 52 61
40 14
14
66 23 29 62

68 40 74 80
76 15 64 66
34 46 14
68 40 18 80
46 64 50 58
14 34 68
79 69 20 47
23 46 15 50
14 73 43 62
43 61 14 62
79
40 68 80 21
47 66 23 6
40 68 44 14
23 66 20 29
66 43
46 47 50 64
40 60 68 44
64 68 40
79 8 46 64
43 61 15 68
15 23 74 62

68 40
79 47 8 23
64 46 15 40
66 23 79 65
40 68 23 66
68 62 23 47
46 47 8 79
40 68 18 80
64 46 8 76
80 79 21 40
6 20 66 23
79 47 20 66
26 18 68 80
66 23 79 20
44 40 68 14
62 21 23 76
79 47 23 74
47 20 46 50
68 40 80 21
65 20 46 47
65 23 66 20
18 68 23 21

23 79 66 20
68 40 18 21
23 66 6 20
66 79 20 23
18 66 76 26

68 40 26 80
14
23 66 65 20
66 20 23 46

23
62 18 65 69
20 6 76 23
76 46 64 8
14 44 43 40
20 66 23 79
40 80 44 62

79 20 8 46
68 40 80 18
14 34 68 18
40 43 68 48
64 65 20 46
65 58 64 67
8 69 64 65
43 61
79 21 15 18
79 23 8 15
68 40 44 74

69 46 47 8
43 14 44 40
40 80 68 21
43 61 40 14
47 46 76 50
73 14 52 61

75 64 65 20
76 46 8 64
23 21 79 15

40 68 14 44
66 23 20 79
23 66 20 29
40 68 80 44
68 14 62 34
69

44 40 73 14
68 40 18 80
43 73 48 74
40 68
79 47 20 66
40 68 44 80
68 80 21 40
43 48 68 80


79 21 47 18
40 68 21 80
15 68 48 44
69 23 76 79
68 40
40 68 80 44
47 79 23 46
80 68 18 40
40 68 80 57
18 80 68 23
21 40 68
66 20 79 23
40 18 68 80
23 18 21 76
47 79 15 76
46 50 64 58
20 47 76 15

79 23 21 15
40 68 80 26
40 68 44 21
62 66 68 20
26 18 43 66

76
66 20 78 23
18 68 76 62
43 61 73 15

68 62 44 14
18 23 21 15

43 61 68 44
66 23 79 20
68 40 26 18
66 20 23 79
66 23 79 20
68 44 14 13
69
69 8 65 75


20 79 8 46
47 66 79 23
14 43 41 13
66 23 76 18
66 79 23 20
40 68 80 21
18 68 26 23
76 79 66 20

66 23 79 80
15 57
80 40 15 79
66 23 6 18

68 40 13 44
47 46 79 8
47 79 23 46
68 40 26 18

40 73 14 68
68
43 61 40 73
66 23 79 20
65 8 75 62
79 62 21 23
61 62 68 34
68 44 40 80
20 79 66 23
23 66 6 76
66
14 34 68 76
68 18 62 76
43
14 40 44 43
14 34 68 44
40 68 80 21
66 23 79 21
65 75 58 64
66 23 29 20
76
76 64 23 46
64 65 67 20
64 46 65 66
68 80 40 21
43 73 15 74
76
66 23 29 20
62 68 21 23
68 20 40 58
40 68 80 26
43 61 68 14
43 73 15 48
40 14 44 43

65
68 40 44 21
66 29 23 6
66 23 20 46
68 48 61 62
66 23 20 6
65 62 64 67
66 29 23 20

29 66 20 23
40 44 68 57
79 21 15 62


40 68 44 13
40 68 80 26
46 23 47 79
69 8
40 68 26 80
20 23 6 66

26 18 40 80
14 34 68

68 44 40 14
79 20 66 47
68 18
66 23 20 47
20 66 23 47
43 80 40 61
65 66 20 23
79 20 58 62
76 46 8
23 79 15 18
66 20 8 79
61 43 79 64
40 79 80 21
46 29 8 79
79 66 20 23
68 44 40 48
66 65 79 69
14 44 73 34
14 52 58 64
18 68 40 21
66 20 23 79
68 44 40 15
80 40 68 21
65 14 39 18
43 73 52 44
76 18 68 6
43 40 44 57
64 65 67 20
73 52 8 46
15 74 48 43
68 62 64 80
68 40 80 18
66 79 23 8
66 23 29 6
66 23 6 79
46 8 76 64
43 73 48 15
79 47 23 74
66 79 20 23
66 76 64 46
74 78 64 65
14 73 52
43 74 73 15
23 79 21 18

13 68 44 40

68 80 48 44
66 23 79 20
8 79 66 23
68 26 18 80
74 79 80 47
23 6 66 20
23 66 20 47
18 68 80 40
23 76 18 66
73 44 43 40

14 62 68 34
68 40 80 18
76 46 23 8
68 40 80 21
21 15 62 80
15 41 8 79
64 68 8 73
13 68 21 44

65 20 58 46

79 20 66 23
76 15 64 66
79 65 46 20
66 26 23 29
43 65 14 73
40 68 80 44
43 57
23 66 20 79

64 58 65 20
47 15 21 23
21 40 79 68
62 44 43 40

43 15 48 40
64
65
40 14 13 44
46 43 76
64 65 66 80


57 61 44 43
62 65 68 44

68 23 47 76
41 68 40 52
48 43 74 73
23 18 40 21
14 73
40 73 14 44
43 40 52 44
73 14 68 44
18 62 64 80
14 43 73 44
68 18 62 14
18 68 62 80
29 66 46 6


40 68 44 80
46 47 50 64
68 80 21 48
68 48 44 43
62 65 68 44
46 8 50 47
23 21 79 15
68 40 80 21
73 43 26 15
40 68 80 44
66 20 23 64
68 40 80 26
46 47 8 50
40 62 68 44
68 18 40 80
18 26 68 80
66 64 46 8
79 66 20 23

43 61 14 44
78 74 79 23
74 43 73 15
58 20 65 47

64 65 23 8
79 8 20 23
68 40 14 34
47 79 66 20
62 65 69 44
46 8 50 65
14 34 68 64
40 80 68 13
68 18 79 23
68 40 18 80


76 20 6 23
40 68 80 18
46 50 47 64
66 20 23 76
43 66 20 23

18 14 69 21
20 79 64 65
20 79 66 46
43 61 80 21
23 66 6 29
79 66 21 47
68 40 80 21



68 18 26 40

40 44 13 62
47 8 15 58

46 20 8 76
21 15 40 79
46 64 50 8
40 68 26 18
46 50 58 8
68 40 13 80
23 79 66 20
79 66 47 21
68 18 40 80
68 62 44 40

79 66 20 23
40 68 44 80
18 66 23 76
20 58 65 46
20 6 23 46
46 50 64 20
79 80 23 46
69 8 65 75
43 74 48 73
18 80 21 74
79 66 20 23
68 40 41 39
65
64 8 74 73
79 47 15 23
18 21 23 79
68 40 13 44
14 34 68 52
15 23 46 50
80 40 68 74
8 18 68 69
66 23 79 20
68 40 18 26
14 73

66 23 6 20
79 66 20 47
65 58 43 64
76 6 20 58
40 68 44 13
40 68 62 44
66 20 79 23
58
68
15 47 76 64
46 50 20 23
73 14 43
65 66 80 20
40 68 61 43
20 62 66 68
62
46 15 64 6
68 40 80 21
68
68 43 40 44
68 40 18 80
46 50 64 20
23 21 47 79
43 64 65 66
14 18 66 68
44 40 68
20 46 58 50
14 68 34

66 46 47 50

66 23 79 6
43 73 52 46
23 6 76 20

18 40 68 44
68 40 14 34
43 79 78 61
47 46 8 79
40 44 43 14
41 62 44 14
18 20 79 66
23 15 58 46
68 44 40 80

40 14 68 44
40 68 80 57

76 46 64 8


66 23 46 20
41 73 14 21
40 62 80 43
40 44 68

68 40
65 79
80 68 79 15
47 65 46 58
66 23 20 6
46 8 76 15
8 46 76 79
40 80 48 43
64 44 43 40
68 40 18 43

68 40 44
68 40 80 18
43 61 14 62
46 47 42 58
73 52 41 14
73 15 14 52
76 23 46 79
58 64 65 69
65 23 47 79
66 23 76 18
76 46 66 20
68 44 40 48
29 23
43 15 73 76

64 65 20 46
65 66 23 73
73 52 61 44

8 79
40 68 80 21

64 46 50 8
69
40 68 74 80
23 66 46 6

66 23 20 79
78 74 47 79
58 15 64 23
23 79 21 47
14 62 52 44

66 15 23 76
40 44 68 48
13 62 68 44
43 40 44 21
26 40 68 18


68 40 80 21
74 79 15 80
68 18 66 20
14 68 34 62
14 44 43 40
66 23 6 46
43
18 23 66 76
66 79 47 20
46 50 64 65
23 66 79 20
65 58 64 20
68 80 40 74

69
73 52 44 43
66 23 76 18
79 47 8 23
47 39 15 58
58 64 20 47
20 76 47 15
68 80 40 21
57 60 62 63

15 64 66 46


23 58 66 6
43 61 68 40
40 68 18 80
64 65 67 20
43 62 68 80
40 68 18 80

43 40 61 68

61 62 44 43
23 46 40 79

40 68 48

69 8
79 20 23 66
46 50 20 58
47 79 64 66
40 44 43 68
79
23 66 20 79
40 14 44 73
46 64 50 20
64
79 66 80 23

68 40 18 80
40 68 14 44
46 47 8 50
20 23 47 76
64 46 8 50
15 52 40 64
79 20 47 74
41 15 79 18

68 26 40 80
66 20 23 46
47 46 8 65
18 23 76 62
23 40 18 21
26 40 18 68

23 79 64 66
40 80 68 21

68 40 14 44
66 20 23 47
15 64 66 21
43 61 14 73
23 66 46 47

66 23 29 6
47 58 65 20

64 65 66 20
23 66 58 65
68 40 44 80
40 68 26 18
23 18 79 15
40 68 80 21
23 79 47 20
40 14 62 68
18 15 47 41
66 23 20 79

14 73 43 65
23 79 69 46
64 46 47 79
66 65 23 79
62 21 23 76
48 73
65 8 58 64
23 79 15 21
46 50 20 23
43 73 44 40

66 23 65 58
23 66 20 46
8 46 79 23
66 23 20 76
46 76 64 8
40 68 21 80
18 76 66 40
64 23
46 8 58 50
68 80 40 74
23 73 64 69
20 66 23 6
66 23 79 65
43 18 26 23
47 23 79 21

68
66 23 20 79
62 18 66 68
14 62 44 43

15 41 62 21
40 43 8 80
14
40 68 44 13
15 41 64 69
40 68 44 43
14 43 73 52
20 79 66 23
64 76 58 46
40 52 43 73
79 23 46 15

66 65 80 47
18 40 68 21
79 80 23 47
66 23 20 46
80 40 68 43
23 47 79 15
79 20 47 66
47 46 8 50
40 68 80 21
68 34 14 80
69
40 68 44 48
23 18 66 21
62 64 66 20
68 18 26 40
40 68 80 21
43 61 48 68
76 18 66 23
73
34 14 68 62
6 15 46 76
43
79 80 40 74
46 8 79 21
40 68 44 43
76 64 6 46
47 23 79 66
69 23 66 6
66 23
58 65 20 6
40 68 57 44

66 23 79 20
40 80 79 62
62 23 76 79
66 29 23 20
41 65 69 39
21 18 79 15
74
21 15 62 68
66 20 23 79
43 44 40 73
69 65 23 41
43 61
65 23 66 79
46 50 64 8

79 47 23 46
40 80 21 74
46 64 65 20
64 46 8 15


80 68 21 40
68 62 14 40
65 14 62 68
66 20 79
69 8
46 15 50
34 14 68
79 66 20 23
47 23 46 8
26 18 65 76

18 79 40 21
40 80 44 74
79 23 20 66
41 73 14 52
43 61 40 14
43 79 47 74
40 80 21 68

40 68 80 44
43 80 21 40
42 46 47 50
65 14 43 62
43 61 73 14
14 44 40 68
40 68 18 80
40 73 14 44
64 46 8 58
23 46 79 8
20 64 23 6
79 23 47 20
43 73 41 13
18 68 26 23
29 66 23 46
20 43
14
79 20 66 47
65 46 50 8

76 46 64 80
68 40 18 80
18 68 62 79
20 79

40 68 21 18
14 34 62 68
68 80 40 74
47 79 58 66
40 68 80 26
62 68 14 18
41 73 15 14
66 79 23 20
74 79 64 47

43 61 14 44
43 40 62 80
68 23 79 14
14
66 23 6 58
14 43 44 61
65 68 80 20
43 79 61 64
79 8 20 46
40 44 43 62
64 66 46 8
68 18 62 66
68 40 14
46 64 65 66
14 34 68

14 43 73 29
76 20 46 15
62 14 18 68
66 23 6 79
29 66 23
80 18 65 66
65 79 20 80

14
43 14 40 61
15 52 43 73
40 68 44 57
66 69 23 6
40 21

79 65 20 47
79 23 65 66
20 64 46 47
14 62 68 44
68 40 80 26
64 65 66 69
79 47 66 21
66 23 65 20
42 8 73 52

40 14 62 68
14 34 68
66 23 20 79
8 79 46 76
20 23 76 46
23 79 47 65
79 23 8 20
64 65 20 23
76 20 47 64

40 60 68 80
14 68 34 21
66 23 6 58
40 57 80 43
23 47 15 18
46 50 8 47
66 23 46 79
23 58 65 20
43 61 20 14
66 23 76 18
23 76 79
79 76 23 47
14
64 69 20 23
79 20 66 23

43 61 40 14
68
66 23 20 79
64 46 50 8
14
68 40 18 26
40 68 80 21
21 79 62 68
66 20 79

68 14 34 44
18 68 40 26
40 68 44 80
21 23 79 15
43 15 64 46
66 80 21 15
26 18 68 40
47 79 66 20
66 20 79 23
23 66 20 58
47 46 50 58

43 14 57 68
40 68 80 44
20 79 66 47
58 65 20 46
18
23 66 29 20
43 74 15 61
68
48 43 74 73

76 6 15 66

68 40 80 21
23 47 58 8
21 23 47 79

69 18 64 21
66 23 79 20
40 68 80 21
68 40 21
79 46 50 20

21 48 43 15
46 50 64 47

23 66 79 20
23 66 79 20
18 23 76 66
68 44 40 13
64 66 8 76
62 66 80 21
68 40 80 21
64 46 50 8
68 14 34
23 46 47 58
66 76 65 80
43 61 14 40
79 66 23 20
40 68 44 13
66 20 79 23
74 79 20 47
68 18 40 26
79 23 47 20
79 47 74 46
68 40 44 43
46 50 8 20
8 52 46 76
29
23 20 47 79
66 79 20 23
69
69 20 8 79
40
68 23 62 80
14 34 68
66 23 15 46
23 46 8 79
73 52 43 66
14 8 62 49
79 23 66 15
20 46 58 50
69 8 65 75
66 23 76 18
73 14 52 21
62 21 23 76
76 46 8 75
43 15 74 79
23 66 20 79
40 68 44 21
43 61 14 40
66 79 20 21
14 43 61 73
46 64 8 65
40 68 44 80
69 8 64 66
68 40 80 21
23 66 65 20
68 40 80 18
80 79 40 15
20 64 46 8
74
66 23 20 6
43 62 68 80
68 40 44 13

80 40 74 62
64 8
66 46 79 50
74
57
40 21 18 68
43 73 52 14
74 21 23 79
68 40 80 18
18 79 20 23
80 40 68 21
68 40 80 26
40 44 43 73

65 64 8 46
40 43 79 62
23 66 47 58
26 68 18 40
62 80 21 23

79 66 20 23
68 48 73 44
68 44 40 14
40 44 43 73
23 79 47 46
43 15 48 74
47 79 6 46

43 61 40 15

62 68 21 44
48 43 74 73
65 20 23 47

40 14 43 61
18 68 23 76
68 40 48 80
65 66 80 20
47 23 46 8
79 66 20 23


66 62 68 14
18 15 68 80
18
14 34 68
66 79 20 23
68 44 43 40
43 34 14 68
66 23 79 26
65 66 64 20
66 79 20 23
40 68 43 44
46 58 64 8
46 50 65 8
68 40 80 18
23 76 18 66
14 68 44 40

65 75 58 64
68 40
65 66 23 6
46 50 64 15
40 68 80 44

66 23 20 6

40 68
73 58
78 57
66 20 79 23
40 68 44 21
43 41 73 61

66 23 79 65
43 64 61 62
76 46 8 64
40 68 13
61 43 14 44
78 74 40
79 74 80 40
20 79 66 23
43 61 40 80
43 62 80 21
23 18 66 79
80 21 23 79
43 61 14 73
66 23 79 20
66 23 18 76
62 64 65 66
62 76 79 18
66 20 79 23
47 79 65 66
68 44 40 80
18 66 23 6
43 61 14 44

66 23 20 79
79 47 74 64
68 26 40 80
40 80 48 43
40 68 80 21
66 46 50 64
66 6 23 46
46 50 64 8
66 23 46 79
69 8
79 74 78 47
66 23 6 20

40 68 41 18
43 8 73 79
73 14 40 52
47 79 46 74
15 58 65 20
76 46
66 23 6 15
23 66 79 20
68 18 62 40
65
69 80 23 8
43 61 14 44


80 21 15 62
69 8 65 23
20 46 23 79
79 23 47 15
66 8 64 46
65 66 20 79
66 23 6 20
79 47 66 20
65 23 66 21
66 20 23 79
73 64 69 21
80 62 21 44

21 40 80 68
18 26 66 23
66 23 76 18
23 66 6 20
80 40 62 21
66 23 20 79
46 47 8 79
39 65 15 58
44 40 8 73
47 79 46 8
23 79 21 15
46 47 50 64
43 73 15 74
44 68 40 14
23 6 58 66

73 43 52 15
66 23 6 20
43 73 52 61
64 8
68 40 80 13

47 79
47 6 46 8
66 76 23 6
43 73 13 15

76
66 23 20 79
68 40 80 21
65 20 46 50
14 34 68 18
57 62 80 21
66 20 23 46
43 61 40 73
6 76 64 20
15 52 46 76

66 23 20 47
40 68 80 18
14 44 40 73
79 23 15 20
68 62 14
68 40 80 18
64 46 15 50
68 48 43 40
23 46 41 73
46 79 23 8
68 40 80 13
66
68 40 43 13
40 68 80 21
66 79 20 23
79 15 80 20

26 18 68 40
79 62 80 23
66 15 46 8
68 40 18 80

40 68 80 21
69 20 8 79
80 26 68 40
14 44 43 40

14 62 65 68
46 64 65 20
40
66 20 79 15
20 46 58 50
46 8 64 23
44 43 40 14
69
62 23 18 80
79 47 74
79 47 46 74
14 34 18 64
43 74 73 15
15 65 21 48

23 79 66 21
62 68 40 13
66 65 80 26
40 68 80 21
68 40
68 80 40 18
14 44 43 40
66 23 6 76
79 20 66 23
76 46 15 50
14 34 43 68
64 20 46 47
40



14 68 34 40
68 14 62 65
40 13 68 44
20 64 65 67
79 66 46 8
64 8 46 79
66 23 79 20
46 50 8 58
73 47 15 23
79 20 80 46
8 64 46 50
68 44 40 80
69 65 8 75
47 79 66 23
69 8 49 80
23 66 6 65
23 66 8 76
65 46 43 74
47 79 26 46
65
43 61 79 23
68 18 80 40
66 20 23 6
64 18
44 40 68 14
68 40 80 21
76 21 23 46

18 68 40 80
43 60 62 63
26 18 68 6
64 46 8 76

14 34 68 62
69 65 26 46
40 43 73 14
66 79 23 20
76 46 64 8
15 21 23 79

66 23 8 79
23 66 6 79
68 23 18 64
66 20 79 23

44 43 40 73
44 40 68 21
68 40

23 62 64 66
43 73 14 15
68 18 80 40
76 66 23 15
46 50 64 8

26 68 18 40

65 39 58 64
40 68 80 57
46 47 58 50
69 47 41 8
43 73 14 52
18 65 39 66
76 46
69
20 79 58 66
69 64 66 23
23 8 64 65
43 73 41 15
14 52 23 73
76 46 58 50
65 69 20 47
21 23 79 15
64 65 69 20
66 79 20 23
68 40 21 44
66 20 79
65
64 20 46 8
64 65 39 18
47 46 58 50
44 40 68 21
40 26 68 18
26 18 68 40
66 79 20 23
68 18 14 34
14 34 47 74
23 58 66 20
74
58 64 65 20
69 8
15 21 43 74
13 68 21 44
20 8 58 64

14 40 43 41
66 23 6 76
73 43 48 40
66 23 79 64
76 66 23 64
62 68 80 21
80 74 68 48
68 44 40 13
68 80 44 43
15 64 46 8
66 23 79 20
69 8
46 47 50 64
46 50 58 64

47 79 23

68 40 18 80

69 20 47 8
65 6 8 39
15 46 50 64

15 64 46 8
40 21 15 80
66 23 79 80
18 66 23 6
43 52 73
66 23 79 20
68 40 80 21
65 39 18 66
14 34 43 52
15 46 50 64
68 44 40 62


64 46 8 50
40 68 44 13

40 43 73 44
66 20 23 76

20 46 8 76
14 73 44 40

68 23 14 18
73 14
46 64 50 65
14 41 8 79
40 68 80 21
68 14 34 44

66 79 23 20
66 29 23 20
79 8 46 47
79 20 57 66
79 47 66 20

20 23 46 50
69 43 8 76
66 20 79 15
44 40
68 18 62 14
66 23 46 6
40 80 21 79
18 23 79 15

68 40 18 80
44 40
62 65 69 41

69 8 46 47
52 41 8 73
15 46 8 76
68 40 74 80
73 52 8
20 64 65 66
47 15 21 79
68 18 26 40
18 66 68 23
62 66 20 21
62 63 80 21

80 74 79 68
18 23 76 66
64 65 66 69
47 65 58 66
66 79 20
64 68 34 14
79 8 46 47
8 21 49 46
40 68 80 21
66 23 29 6
43 14 68 48
