40 44 18 62 41
46 6 76 64 50
40 80 68 21 57
18 26 23 66 76
40 44 18 62 41
79 66 23 20 47
76 15 64 66 23
46 64 20 58 50
66 8 46 47 79
68 40 80 21 44
66 23 20 76 79
47 46 15 58 50
40 44 18 62 41
66 23 20 29 65
79 23 66 20 6
40 44 18 62 41
46 64 8 76 50
23 79 66 20 76
14
46 64 8 50 20
8 69 20 47 79
65
79 23 66 47 20
80 74 68 40 21
68 40 80 18 26
74 47 79 80 43
40 44 18 62 41
66 23 76 18 20
68 40 80 21 44
40 68 80 44 21
46 8 15 50 58
68 62 15 14 21
40 68 80 21 48
80 68 40 18 21
20 46 6 15 50
41 47 39 15 58
40 44 18 62 41
43 14 52 44 73
79 20 23 66 80
20 8 79 57 65
40 44 18 62 41
43 14 41 73
26 18 76 68 66
43
18 68 40 79 23
65 66 69 21 79
8 69 46 47 23
79 66 20 47 15
68
40 44 18 62 41
40 68 18 80 57
79 15 23 47 8
66 69 23 79 64
66 23 20 79 6
40 44 18 62 41
40 44 18 62 41
65 79 23 20 47
46 8 76
21 23 46 79 15
15 21 79 18 23
14 68 62 34 23
40 44 18 62 41
20 46 6 8 58
40 44 18 62 41
47 74 79
18 68 21 23 79
40 80 68 21 74
76 46 6 15 50
43 73 15
47 79 58 23 46
40 44 43 73 14
62 18 68 21 23
47 79 23 46 8
40 68 60 62 63
46 47 79 64 20
43 73 52 68 34
40 44 18 62 41
43 62 40 41 73
43 15
68 62 21 14 18
66 79 20
74 57 80 79
68 40 44 80 13
40 44 18 62 41
64 65 69 20 23
18 26 68 76 79
69
40 44 18 62 41
23 79 66 20 76
40 44 18 62 41
65 58 20 23 66
40 44 18 62 41
8 64 46 58 47
62 18 66 68 20
40 68 44 80 21
69 15 21 46 47
41 47 39 15 58
34 68 14
66 79 20 23 47
66 23 6 65 80
66 20 23 79 58
40 44 18 62 41
43 73
44 40 73 43 14
79 20 66 23 46
14 34 68 62 44
23 79 15 18 62
79 23 15 20 47
20 47 76 15 23
43 61 14 40 73
68 23 18 64 66
66 79 20 23 21
15 46 47 8 76
80 40 62 21 15
78 73 43 52 61
46 50 64 47 8
66 43
40 68 44 21 80
64 68 40
43 40 73 61 44
18 23 15 66 80
40 44 18 62 41
79 20 47 66 23
66
47 79 8 65 66
14 34 68
47 79 46 8 23
68 40 60 80 48
66 79 64 65 80
66 18 68 26 46
46 47 15 8 58
46 47 8 58 50
66 23 6 79 76
41 64 46 47 15
21 15 18 79 62
14 65 23 41 73
76 47 23 79 58
47 74 79 80 43
14 34 68
18 26 68 6 76
47 15 21 23 79
40 44 18 62 41
20 79 8 64 65
23 66 20 6 65
23 46 76 50 58
14 34 68 21 44
57
74 62 80 21 48
26 6 76 75 58
23 46 47 79 8
43 20 79 58
68 23 79
43 14 61 62 44
20 79 58 66 23
76 46 8 58 64
40 44 18 62 41
40 44 18 62 41
66 20 23 79 62
79 47 23 46 8
8 15 46 79 18
64 65 20 46 47
20 79 66 23 46
68 40 44 21 48
68 18 80 20 44
46 8 52 64 66
40 68 18 80 26
23 66 6
79 66 23 20 46
40 44 18 62 41
23 15 76 18 20
64 66 20 23 76
40 80 21 15 18
69
44 40 14 68 48
13 68 44 40 80
23 46 47 8 79
14 44 43 40 52
20 79 66 23 47
79 20 23 46 66
40 44 18 62 41
21 44 40 73 14
40 66 15 80 62
15 52 64 46 8
48 74
79 47 23 18 21
40 68 18 14 26
40 44 18 62 41
79 20 8 66 80
29 65 66 80 20
18 26 68 40 76
66 23 20 46 79
46 50 6 8 76
14 34 68
68
68 40 60 62 63
68
20 66 79 23 47
43 61 73 40 68
40 80 21 48 43
40 44 18 62 41
20 58 65 46 47
20 64 65 66 69
66 23 76 18 79
68 40 80 21 74
40 44 18 62 41
40 65 79 43 80
68 43 40 48 44
40 44 18 62 41
47 65 69 21 46
40 44 18 62 41
46 50 8 20 15
79 66 20 23 47
62 65 69 41 39
43 61 73 14 52
68 40 80 26 21
68 14 62 47 79
68 40 44 13 80
68 34 14 44 62
66 23
65 69
43 73 52
64 20 46 8 58
79 66 20 23 46
66 79 20 23 47
66 64 46 8 76
69 65 8 39 64
80 74 79 57 62
29 66
13 68 44 40 62
80 68 40 21 44
43 73 48 13 15
64
20 79 66 23 46
64
68 21 40 15 62
68 43 61 21 40
14 34 68 62 44
15 64 65 66 69
66 23 6 76 18
66 76 79 23 20
68 40 80 26 21
40 44 18 62 41
40 44 18 62 41
40 68 80 21 44
65 29 23 48 58
40 44 18 62 41
79 66 69 20 23
62 68 44 43 40
80 23 79 18 46
43 61 68 14 65
46 41 79 50 21
40 68 44 21 73
79 80 21 23 62
79 66 23 46 8
68 18 62 21 23
68 40 60 44 43
14 43 68 44 40
79 20 8 46 47
66 23 6 20 46
34 14 68
40 14 44 43 52
40 44 18 62 41
69 64 65 66 68
14 62 68 20 23
65 66 20 47 79
14 68 34
43 61 80 21 68
76
40 44 18 62 41
66 46 50 64 6
68 40 44 13 80
80 74 79 64 21
40 68 18 80 26
43 61 44 40 73
64 46 76 6 8
40 44 18 62 41
40 44 18 62 41
18 68 14 62 66
40 44 68 73 14
62 68 21 44 43
64 69 23 46 47
68 40 44 43 21
73 48 44 43 40
47 79 65 20 8
20 58 65 46 6
68 40 18 80 26
79 20 74 78 8
68 40 18 80 21
40 44 18 62 41
62 64 65 66 80
40 62 44 43 41
23 20 46 79 78
40 44 18 62 41
79 47 74 66 20
23 29 66 6 58
68
40 44 18 62 41
40 68 80 26 18
64 46 8 76 15
40 44 18 62 41
68 40 80 21 44
46 20 50 64 47
40 68 80 44 21
68 26 40 18 80
40 68 44 13 21
14 21 43 73 52
66 79 23 15 80
23 62 21 76 79
76 66 15 68 14
76 46 23 50 66
20 66 79 80 23
46
14 73 79 21 52
79 66 8 20 46
46 15 50 64 66
68 40 80 21 13
40 14 43 73 44
40 44 18 62 41
43 73 14 52 41
64 46 8 76 50
23 79 66 20 46
47 79 76 66 20
68 14 34 62 48
14 44 43 40 52
40 44 18 62 41
68 40 21 44 74
23 46 79 15 50
68 40 44 21 13
43 61 68 40 73
18 68 62 23 76
46 64
65 66 69 23 8
40 44 18 62 41
46 64 8 50 47
64 20 46 8 58
21 40 74 68 48
40 68 18 21 76
79 47 66 20 46
18 40 68 80 23
18 23 76 66 68
68 40 18 80 26
66 20 23 46 79
40 44 18 62 41
46 43 8 76 64
68 40 80 21 18
14 34 68
68 14 44 40 18
40 44 18 62 41
23 15 18 66 76
6 76 52 64 20
65 39 64 69 80
66 79 20 23 46
40 44 18 62 41
40 41 15 68 80
64 65 46 42 50
46 64 21 8 76
68 40 44 48 13
58 64 69 20 23
46 50 64 8 20
26 18 76 68 80
26 18 68 43 40
40 44 18 62 41
43 40 48 13 68
18 23 66 76 68
47 20 65 46 6
40 73 14 61 44
79 20 47 66 74
74 79 15 80 46
18 20 66 23 79
40 44 18 62 41
40 68 44 80 13
79 23 47 66 18
23 66 20 79 46
79 66 20 23 15
40 80 57 68 48
40 44 18 62 41
79 15 40 20 23
23 47 76 79 15
80 40 15 18 62
15 23 46 47 41
68 6 76 66 23
76 46 65 23 8
47 65 69 41 39
66 20 23 6 75
42 65 76 75 58
14 34 68
14 34 68 62 23
69 8 64 65 66
40 44 18 62 41
65
68
18 62 80 21 23
68 18 40 26 20
66 20 23 6 79
18
79 66 20 23 6
40 44 18 62 41
74 78 47 79 64
40 44 18 62 41
68 44 40 21 13
40 44 18 62 41
14 21 79 18 62
68 43 40 73 74
65 68 18 80 21
40 68 13 44 80
40 44 18 62 41
66 79 20 23 21
43 68 44 40 73
66 20 79 23 46
40 44 18 62 41
68 40 18 26 80
40 44 18 62 41
66 68 14 62 20
69
8 46 47 64 20
66 23 64 65 80
68 18 26 40 80
66
47 79 15 58 23
15 52 47 8 79
66 23 20 46 79
14 52 68 73 15
68 18 8 76 79
44 43 40 73 52
43 44 40 61 68
64 65 66 69 20
14 73
80 48 43 68 44
66 79 64 46 8
20 46 50 47 8
40 43 68 80 44
40 44 14 68 73
14
68 80
40 60 62 63 68
43 61 14 44 40
66 23 6 80 46
66 79 20 23 15
23 66 6 46 58
66 23 79 20 46
41 15 47 39 58
8 69 23 46 64
68 40 80 21 48
34 14 68 15 48
79 47 20 66 23
68 40 80 21 18
23 66 18 20 8
40 44 18 62 41
40 44 18 62 41
47 79 65 23 46
40 68 18 80 21
40 44 18 62 41
15 21 80 40 79
64 46 50 65 20
43 73 41 14 52
40 44 18 62 41
65 21 73 52
68 44 40 14 43
40 44 18 62 41
18 65 69 23 46
65 23 66 79 15
18 26 68 23 66
14 62 64 65 68
20 46 47 8 79
58 65 20 46 6
40 44 18 62 41
43 40 73
40 44 18 62 41
74 47 79
43 61 14 44 40
8 57
40 44 18 62 41
47 79 64 46 8
23 18 66 68 6
15 52 73 65 58
14
66 23 79 20 46
66 79 20 23 46
40 68 18 80 44
66 23 20 6 46
68 40 62 23 44
43 79 64 65 66
43 73 15 74
40 44 18 62 41
68 21 44 40 74
58 46 50 20 23
66 46 23 79 50
40 44 18 62 41
68 40 80 26 18
40 23 18 76 62
23 66 20 76 79
66 20 23 79 21
73 52 43 40 44
43 73 14 52 61
79 66 23 21 20
40 44 18 62 41
26 18 68 80 65
47 79 66 20 23
40 44 18 62 41
65
40 44 18 62 41
68 40 80 26 18
65 73 14 13
79 80 74 15 20
68 40 26 18 80
40 68 80 21 44
46 47 50 64 15
76 65 80 23 40
14 34 79
79 66 20 23 46
46 58 50 64 47
14 40 34 62 68
79 20 23 47 8
68 40 80 26 18
66 76 23 6 15
40 73 14 68 44
14 41 62 65 44
14 44 43 41 73
47 79 46 74
69
79 68 48 23 43
68 40 60 62 63
66 23 79 80 21
14 34 68 69 23
43 8 13
40 44 18 62 41
41 64 69 23 46
69 46 50 64 66
46 47 58 50 64
15 46 58 50 64
76
26 18 68 40 43
42 20 66 79
40 68 13 48 44
43 61 44 40 14
68 18 40 26 80
40 44 18 62 41
21 23 76 79 14
23 79 47 66 21
18 80 20 79 65
79 66 20 47 23
46 50 6 58 20
68 40 18 21 62
40 44 18 62 41
21 23 79 15 18
43 61 48 23
64 76 20 46 58
80 40 68 21 15
40 80 68 21 18
79 23 46 50 20
14 44 61 52 43
66 20 23 79 6
18 40 21 23 79
41 15 18 52 64
40 18 68 21 23
40 44 18 62 41
78 74 15 80 79
40 44 18 62 41
68 40 26 18 80
40 68 44 13 80
46 47 69 41 15
40 68 80 21 44
76 46 50 23 43
40 68 80 21 74
66 23 6 79
40 73 14 60 62
66 23 20 79 6
73 52 61 44 43
20 66 79 23 6
62 43 40 41 73
43 64 66 26 20
41 15
40 44 18 62 41
41 15 21 23 46
29 62 64 65 66
68 44 40 74 13
68 40 18 80 26
42 69 23 41 79
65 66 23 20 79
44 40 43 73 14
20 76 58 23 46
65 69 23 8 43
23 65 66 80 20
41 15 18 79 14
14 44 43 40 52
18 68 79 66 20
40 44 18 62 41
18 65 66 68 20
68 18 62 20 79
65 66 79 21 62
66 20 79 23 46
79 23 47 15 18
40 44 18 62 41
14 68 80 44 40
79 23 47 15 18
66 76 79 20 21
40 44 18 62 41
20 23 66 46 58
40 21 68 80
14 34 52 68 41
68 40 62 80 34
43 61 73 44 40
69 65 39 64 66
40 68 80 21 44
40 68 14 44 13
57 44 40 68 80
40 68 18 80 57
73 14 43 52 44
40 44 18 62 41
40 44 18 62 41
44 40 68 80 21
47 79 20 39 15
43 61 68 40 14
68 13 44 40 80
76 65 66 80 23
68 40 64 43 62
40 44 18 62 41
64 65 67 20 46
52 73 46 43 8
68 44 40 73 13
47 46 15 21 23
20 47 76 15 58
43 73 52 61 44
40 14
14
66 23 29 62 64
40 44 18 62 41
68 40 74 80 21
76 15 64 66 46
34 46 14
68 40 18 80 74
46 64 50 58 8
14 34 68
79 69 20 47 64
23 46 15 50
14 73 43 62 80
43 61 14 62 68
79
40 68 80 21 57
47 66 23 6 20
40 68 44 14 21
23 66 20 29 79
66 43
46 47 50 64 65
40 60 68 44 43
64 68 40
79 8 46 64 20
43 61 15 68 62
15 23 74 62 66
40 44 18 62 41
68 40
79 47 8 23 46
64 46 15 40 74
66 23 79 65 20
40 68 23 66 76
68 62 23 47 18
46 47 8 79 58
40 68 18 80 21
64 46 8 76 75
80 79 21 40 74
6 20 66 23 46
79 47 20 66 23
26 18 68 80 6
66 23 79 20 6
44 40 68 14 13
62 21 23 76 75
79 47 23 74 80
47 20 46 50 79
68 40 80 21 13
65 20 46 47 6
65 23 66 20 79
18 68 23 21 15
40 44 18 62 41
23 79 66 20 58
68 40 18 21 80
23 66 6 20 46
66 79 20 23 21
18 66 76 26 6
40 44 18 62 41
68 40 26 80 18
14
23 66 65 20 29
66 20 23 46 6
40 44 18 62 41
23
62 18 65 69 80
20 6 76 23 58
76 46 64 8 75
14 44 43 40 52
20 66 23 79 46
40 80 44 62 68
40 44 18 62 41
79 20 8 46 66
68 40 80 18 26
14 34 68 18
40 43 68 48 44
64 65 20 46 47
65 58 64 67 20
8 69 64 65 66
43 61
79 21 15 18 47
79 23 8 15 66
68 40 44 74 14
40 44 18 62 41
69 46 47 8 50
43 14 44 40 52
40 80 68 21 57
43 61 40 14
47 46 76 50 58
73 14 52 61 62
40 44 18 62 41
75 64 65 20 23
76 46 8 64 15
23 21 79 15 18
40 44 18 62 41
40 68 14 44 60
66 23 20 79 46
23 66 20 29 76
40 68 80 44 43
68 14 62 34 44
69
40 44 18 62 41
44 40 73 14
68 40 18 80 21
43 73 48 74 15
40 68
79 47 20 66 23
40 68 44 80 21
68 80 21 40 18
43 48 68 80 40
40 44 18 62 41
40 44 18 62 41
79 21 47 18 23
40 68 21 80 48
15 68 48 44 40
69 23 76 79 15
68 40
40 68 80 44 13
47 79 23 46 64
80 68 18 40 23
40 68 80 57 74
18 80 68 23 40
21 40 68
66 20 79 23 46
40 18 68 80 79
23 18 21 76 79
47 79 15 76 74
46 50 64 58 23
20 47 76 15 46
40 44 18 62 41
79 23 21 15 18
40 68 80 26 18
40 68 44 21 43
62 66 68 20 21
26 18 43 66 23
40 44 18 62 41
76
66 20 78 23 79
18 68 76 62 21
43 61 73 15 14
40 44 18 62 41
68 62 44 14 18
18 23 21 15 40
40 44 18 62 41
43 61 68 44 40
66 23 79 20 6
68 40 26 18 80
66 20 23 79 46
66 23 79 20 58
68 44 14 13 43
69
69 8 65 75 18
40 44 18 62 41
40 44 18 62 41
20 79 8 46 66
47 66 79 23 8
14 43 41 13
66 23 76 18 20
66 79 23 20 46
40 68 80 21 44
18 68 26 23 76
76 79 66 20 46
40 44 18 62 41
66 23 79 80 20
15 57
80 40 15 79 18
66 23 6 18 20
40 44 18 62 41
68 40 13 44 62
47 46 79 8 23
47 79 23 46 15
68 40 26 18 80
40 44 18 62 41
40 73 14 68
68
43 61 40 73 14
66 23 79 20 76
65 8 75 62 64
79 62 21 23 15
61 62 68 34 44
68 44 40 80 21
20 79 66 23 58
23 66 6 76 18
66
14 34 68 76
68 18 62 76 14
43
14 40 44 43 73
14 34 68 44 40
40 68 80 21 44
66 23 79 21 47
65 75 58 64 66
66 23 29 20 6
76
76 64 23 46 50
64 65 67 20 46
64 46 65 66 69
68 80 40 21 48
43 73 15 74 52
76
66 23 29 20 45
62 68 21 23 76
68 20 40 58 64
40 68 80 26 21
43 61 68 14 62
43 73 15 48 46
40 14 44 43 73
40 44 18 62 41
65
68 40 44 21 48
66 29 23 6 65
66 23 20 46 79
68 48 61 62 21
66 23 20 6 79
65 62 64 67 68
66 29 23 20 65
40 44 18 62 41
29 66 20 23 6
40 44 68 57 43
79 21 15 62 68
40 44 18 62 41
40 44 18 62 41
40 68 44 13 43
40 68 80 26 18
46 23 47 79 66
69 8
40 68 26 80 18
20 23 6 66 46
40 44 18 62 41
26 18 40 80 68
14 34 68
40 44 18 62 41
68 44 40 14 80
79 20 66 47 23
68 18
66 23 20 47 79
20 66 23 47 79
43 80 40 61 68
65 66 20 23 79
79 20 58 62 65
76 46 8
23 79 15 18 47
66 20 8 79 21
61 43 79 64 21
40 79 80 21 15
46 29 8 79 80
79 66 20 23 47
68 44 40 48 21
66 65 79 69 21
14 44 73 34
14 52 58 64 65
18 68 40 21 23
66 20 23 79 46
68 44 40 15 21
80 40 68 21 57
65 14 39 18 62
43 73 52 44 40
76 18 68 6 66
43 40 44 57 73
64 65 67 20 46
73 52 8 46 43
15 74 48 43 73
68 62 64 80 21
68 40 80 18 21
66 79 23 8 20
66 23 29 6 65
66 23 6 79 20
46 8 76 64 15
43 73 48 15 68
79 47 23 74 15
66 79 20 23 64
66 76 64 46 6
74 78 64 65 66
14 73 52
43 74 73 15
23 79 21 18 62
40 44 18 62 41
13 68 44 40
40 44 18 62 41
68 80 48 44 40
66 23 79 20 21
8 79 66 23 64
68 26 18 80 40
74 79 80 47 20
23 6 66 20 76
23 66 20 47 79
18 68 80 40 62
23 76 18 66 20
73 44 43 40 52
40 44 18 62 41
14 62 68 34 44
68 40 80 18 26
76 46 23 8 75
68 40 80 21 44
21 15 62 80 43
15 41 8 79 64
64 68 8 73 65
13 68 21 44 43
40 44 18 62 41
65 20 58 46 47
40 44 18 62 41
79 20 66 23 80
76 15 64 66 46
79 65 46 20 8
66 26 23 29 18
43 65 14 73
40 68 80 44 13
43 57
23 66 20 79 46
40 44 18 62 41
64 58 65 20 46
47 15 21 23 46
21 40 79 68 80
62 44 43 40 41
40 44 18 62 41
43 15 48 40 74
64
65
40 14 13 44 73
46 43 76
64 65 66 80 20
40 44 18 62 41
40 44 18 62 41
57 61 44 43 40
62 65 68 44 40
40 44 18 62 41
68 23 47 76 79
41 68 40 52 43
48 43 74 73 15
23 18 40 21 79
14 73
40 73 14 44 43
43 40 52 44 73
73 14 68 44 40
18 62 64 80 21
14 43 73 44 40
68 18 62 14 80
18 68 62 80 21
29 66 46 6 8
40 44 18 62 41
40 44 18 62 41
40 68 44 80 13
46 47 50 64 15
68 80 21 48 44
68 48 44 43 40
62 65 68 44 41
46 8 50 47 64
23 21 79 15 18
68 40 80 21 44
73 43 26 15 48
40 68 80 44 21
66 20 23 64 65
68 40 80 26 18
46 47 8 50 64
40 62 68 44 43
68 18 40 80 62
18 26 68 80 40
66 64 46 8 76
79 66 20 23 46
40 44 18 62 41
43 61 14 44 40
78 74 79 23 46
74 43 73 15 64
58 20 65 47 46
40 44 18 62 41
64 65 23 8 58
79 8 20 23 46
68 40 14 34 44
47 79 66 20 23
62 65 69 44 41
46 8 50 65 20
14 34 68 64 8
40 80 68 13 48
68 18 79 23 14
68 40 18 80 21
40 44 18 62 41
40 44 18 62 41
76 20 6 23 15
40 68 80 18 26
46 50 47 64 23
66 20 23 76 79
43 66 20 23 46
40 44 18 62 41
18 14 69 21 23
20 79 64 65 66
20 79 66 46 80
43 61 80 21 48
23 66 6 29 20
79 66 21 47 15
68 40 80 21 13
40 44 18 62 41
40 44 18 62 41
40 44 18 62 41
68 18 26 40 80
40 44 18 62 41
40 44 13 62 68
47 8 15 58 46
40 44 18 62 41
46 20 8 76 58
21 15 40 79 18
46 64 50 8 58
40 68 26 18 80
46 50 58 8 15
68 40 13 80 44
23 79 66 20 46
79 66 47 21 23
68 18 40 80 26
68 62 44 40 14
40 44 18 62 41
79 66 20 23 47
40 68 44 80 48
18 66 23 76 79
20 58 65 46 6
20 6 23 46 50
46 50 64 20 8
79 80 23 46 8
69 8 65 75 64
43 74 48 73 15
18 80 21 74 79
79 66 20 23 8
68 40 41 39 58
65
64 8 74 73 79
79 47 15 23 20
18 21 23 79 15
68 40 13 44
14 34 68 52 43
15 23 46 50 18
80 40 68 74 48
8 18 68 69 46
66 23 79 20 80
68 40 18 26 80
14 73
40 44 18 62 41
66 23 6 20 65
79 66 20 47 21
65 58 43 64 20
76 6 20 58 64
40 68 44 13 73
40 68 62 44 43
66 20 79 23 46
58
68
15 47 76 64 46
46 50 20 23 8
73 14 43
65 66 80 20 23
40 68 61 43 74
20 62 66 68 21
62
46 15 64 6 8
68 40 80 21 44
68
68 43 40 44 13
68 40 18 80 26
46 50 64 20 47
23 21 47 79 15
43 64 65 66 69
14 18 66 68 23
44 40 68
20 46 58 50 47
14 68 34
40 44 18 62 41
66 46 47 50 64
40 44 18 62 41
66 23 79 6 20
43 73 52 46 8
23 6 76 20 46
40 44 18 62 41
18 40 68 44 15
68 40 14 34 80
43 79 78 61 21
47 46 8 79 23
40 44 43 14 52
41 62 44 14 39
18 20 79 66 23
23 15 58 46 8
68 44 40 80 21
40 44 18 62 41
40 14 68 44 73
40 68 80 57 44
40 44 18 62 41
76 46 64 8 75
40 44 18 62 41
40 44 18 62 41
66 23 46 20 6
41 73 14 21 40
40 62 80 43
40 44 68
40 44 18 62 41
68 40
65 79
80 68 79 15 18
47 65 46 58 50
66 23 20 6 79
46 8 76 15 50
8 46 76 79 49
40 80 48 43 21
64 44 43 40 76
68 40 18 43 73
40 44 18 62 41
68 40 44
68 40 80 18 26
43 61 14 62 68
46 47 42 58 50
73 52 41 14 47
73 15 14 52 47
76 23 46 79 15
58 64 65 69 80
65 23 47 79 58
66 23 76 18 79
76 46 66 20 8
68 44 40 48 43
29 23
43 15 73 76 52
40 44 18 62 41
64 65 20 46 47
65 66 23 73 79
73 52 61 44 43
40 44 18 62 41
8 79
40 68 80 21 13
40 44 18 62 41
64 46 50 8 76
69
40 68 74 80
23 66 46 6 79
40 44 18 62 41
66 23 20 79 64
78 74 47 79 80
58 15 64 23 46
23 79 21 47 15
14 62 52 44 43
40 44 18 62 41
66 15 23 76 18
40 44 68 48 13
13 62 68 44 43
43 40 44 21 15
26 40 68 18 80
40 44 18 62 41
40 44 18 62 41
68 40 80 21 13
74 79 15 80 20
68 18 66 20 23
14 68 34 62 18
14 44 43 40 52
66 23 6 46 64
43
18 23 66 76 15
66 79 47 20 23
46 50 64 65 20
23 66 79 20 46
65 58 64 20 23
68 80 40 74 21
40 44 18 62 41
69
73 52 44 43 40
66 23 76 18 20
79 47 8 23 46
47 39 15 58 64
58 64 20 47 15
20 76 47 15 64
68 80 40 21 57
57 60 62 63 68
40 44 18 62 41
15 64 66 46 8
40 44 18 62 41
40 44 18 62 41
23 58 66 6
43 61 68 40 14
40 68 18 80 26
64 65 67 20 46
43 62 68 80 44
40 68 18 80 21
40 44 18 62 41
43 40 61 68 80
40 44 18 62 41
61 62 44 43 40
23 46 40 79 15
40 44 18 62 41
40 68 48
40 44 18 62 41
69 8
79 20 23 66 47
46 50 20 58 65
47 79 64 66 26
40 44 43 68 57
79
23 66 20 79 62
40 14 44 73 43
46 64 50 20 15
64
79 66 80 23 46
40 44 18 62 41
68 40 18 80 26
40 68 14 44 80
46 47 8 50 64
20 23 47 76 15
64 46 8 50 15
15 52 40 64 65
79 20 47 74 8
41 15 79 18 52
40 44 18 62 41
68 26 40 80 18
66 20 23 46 79
47 46 8 65 76
18 23 76 62 66
23 40 18 21 79
26 40 18 68 80
40 44 18 62 41
23 79 64 66 69
40 80 68 21 44
40 44 18 62 41
68 40 14 44 73
66 20 23 47 79
15 64 66 21 23
43 61 14 73 52
23 66 46 47 79
40 44 18 62 41
66 23 29 6 20
47 58 65 20 46
40 44 18 62 41
64 65 66 20 46
23 66 58 65 20
68 40 44 80 13
40 68 26 18 80
23 18 79 15 64
40 68 80 21 48
23 79 47 20 46
40 14 62 68 44
18 15 47 41 79
66 23 20 79 6
40 44 18 62 41
14 73 43 65 66
23 79 69 46 47
64 46 47 79 57
66 65 23 79 20
62 21 23 76 79
48 73
65 8 58 64 20
23 79 15 21 46
46 50 20 23 6
43 73 44 40 14
40 44 18 62 41
66 23 65 58 20
23 66 20 46 6
8 46 79 23 47
66 23 20 76 79
46 76 64 8 58
40 68 21 80 44
18 76 66 40 23
64 23
46 8 58 50 65
68 80 40 74 13
23 73 64 69 21
20 66 23 6 79
66 23 79 65 47
43 18 26 23 79
47 23 79 21 15
40 44 18 62 41
68
66 23 20 79 6
62 18 66 68 20
14 62 44 43 40
40 44 18 62 41
15 41 62 21 46
40 43 8 80 76
14
40 68 44 13 48
15 41 64 69 21
40 68 44 43 13
14 43 73 52 44
20 79 66 23 47
64 76 58 46 8
40 52 43 73 41
79 23 46 15 80
40 44 18 62 41
66 65 80 47 6
18 40 68 21 15
79 80 23 47 74
66 23 20 46 6
80 40 68 43 21
23 47 79 15 18
79 20 47 66 23
47 46 8 50 64
40 68 80 21 44
68 34 14 80 44
69
40 68 44 48 14
23 18 66 21 76
62 64 66 20 21
68 18 26 40 79
40 68 80 21 44
43 61 48 68 44
76 18 66 23 6
73
34 14 68 62 44
6 15 46 76 50
43
79 80 40 74 15
46 8 79 21 23
40 68 44 43 57
76 64 6 46 8
47 23 79 66 20
69 23 66 6 20
66 23
58 65 20 6 46
40 68 57 44 80
40 44 18 62 41
66 23 79 20 58
40 80 79 62 21
62 23 76 79 18
66 29 23 20 45
41 65 69 39 64
21 18 79 15 62
74
21 15 62 68 14
66 20 23 79 46
43 44 40 73 14
69 65 23 41 39
43 61
65 23 66 79 80
46 50 64 8 20
40 44 18 62 41
79 47 23 46 8
40 80 21 74 18
46 64 65 20 47
64 46 8 15 50
40 44 18 62 41
40 44 18 62 41
80 68 21 40 15
68 62 14 40 13
65 14 62 68 80
66 20 79
69 8
46 15 50
34 14 68
79 66 20 23 46
47 23 46 8 79
26 18 65 76 58
40 44 18 62 41
18 79 40 21 47
40 80 44 74 62
79 23 20 66 46
41 73 14 52 65
43 61 40 14 57
43 79 47 74
40 80 21 68 62
40 44 18 62 41
40 68 80 44 21
43 80 21 40 73
42 46 47 50 64
65 14 43 62 68
43 61 73 14 52
14 44 40 68
40 68 18 80 74
40 73 14 44 43
64 46 8 58 50
23 46 79 8 50
20 64 23 6 75
79 23 47 20 15
43 73 41 13 57
18 68 26 23 47
29 66 23 46 6
20 43
14
79 20 66 47 23
65 46 50 8 15
40 44 18 62 41
76 46 64 80 21
68 40 18 80 21
18 68 62 79 80
20 79
40 44 18 62 41
40 68 21 18 80
14 34 62 68 44
68 80 40 74 21
47 79 58 66 20
40 68 80 26 21
62 68 14 18 21
41 73 15 14 52
66 79 23 20 21
74 79 64 47 40
40 44 18 62 41
43 61 14 44 40
43 40 62 80 44
68 23 79 14 62
14
66 23 6 58
14 43 44 61 40
65 68 80 20 40
43 79 61 64 66
79 8 20 46 47
40 44 43 62 68
64 66 46 8 76
68 18 62 66 20
68 40 14
46 64 65 66 80
14 34 68
40 44 18 62 41
14 43 73 29 65
76 20 46 15 50
62 14 18 68 21
66 23 6 79 20
29 66 23
80 18 65 66 20
65 79 20 80 23
40 44 18 62 41
14
43 14 40 61 44
15 52 43 73 64
40 68 44 57 80
66 69 23 6 79
40 21
40 44 18 62 41
79 65 20 47 66
79 23 65 66 20
20 64 46 47 8
14 62 68 44 43
68 40 80 26 18
64 65 66 69 80
79 47 66 21 23
66 23 65 20 79
42 8 73 52
40 44 18 62 41
40 14 62 68 44
14 34 68
66 23 20 79 46
8 79 46 76 47
20 23 76 46 64
23 79 47 65 66
79 23 8 20 46
64 65 20 23 46
76 20 47 64 23
40 44 18 62 41
40 60 68 80 48
14 68 34 21 44
66 23 6 58 65
40 57 80 43 68
23 47 15 18 20
46 50 8 47 15
66 23 46 79 20
23 58 65 20 46
43 61 20 14 66
66 23 76 18 20
23 76 79
79 76 23 47 15
14
64 69 20 23 46
79 20 66 23 47
40 44 18 62 41
43 61 40 14 62
68
66 23 20 79 46
64 46 50 8 58
14
68 40 18 26 80
40 68 80 21
21 79 62 68 44
66 20 79
40 44 18 62 41
68 14 34 44 43
18 68 40 26 80
40 68 44 80 21
21 23 79 15 18
43 15 64 46 8
66 80 21 15 48
26 18 68 40 80
47 79 66 20 23
66 20 79 23 46
23 66 20 58 65
47 46 50 58 8
40 44 18 62 41
43 14 57 68 34
40 68 80 44 43
20 79 66 47 23
58 65 20 46 47
18
23 66 29 20 65
43 74 15 61 48
68
48 43 74 73 15
40 44 18 62 41
76 6 15 66 23
40 44 18 62 41
68 40 80 21 48
23 47 58 8 79
21 23 47 79 15
40 44 18 62 41
69 18 64 21 23
66 23 79 20 76
40 68 80 21 13
68 40 21
79 46 50 20 23
40 44 18 62 41
21 48 43 15 62
46 50 64 47 8
40 44 18 62 41
23 66 79 20 6
23 66 79 20 18
18 23 76 66 79
68 44 40 13 21
64 66 8 76 46
62 66 80 21 23
68 40 80 21 18
64 46 50 8 76
68 14 34
23 46 47 58 18
66 76 65 80 26
43 61 14 40 73
79 66 23 20 6
40 68 44 13 60
66 20 79 23 46
74 79 20 47 15
68 18 40 26 62
79 23 47 20 8
79 47 74 46 66
68 40 44 43 60
46 50 8 20 76
8 52 46 76 73
29
23 20 47 79 46
66 79 20 23 47
69
69 20 8 79 58
40
68 23 62 80 21
14 34 68
66 23 15 46 76
23 46 8 79 66
73 52 43 66 20
14 8 62 49 68
79 23 66 15 62
20 46 58 50 64
69 8 65 75 64
66 23 76 18 64
73 14 52 21 44
62 21 23 76 79
76 46 8 75 58
43 15 74 79 80
23 66 20 79 47
40 68 44 21 80
43 61 14 40 73
66 79 20 21 62
14 43 61 73 44
46 64 8 65 20
40 68 44 80 21
69 8 64 66 46
68 40 80 21 13
23 66 65 20 46
68 40 80 18 26
80 79 40 15 74
20 64 46 8 76
74
66 23 20 6 79
43 62 68 80 21
68 40 44 13 80
40 44 18 62 41
80 40 74 62 21
64 8
66 46 79 50 23
74
57
40 21 18 68 62
43 73 52 14 61
74 21 23 79 18
68 40 80 18 26
18 79 20 23 76
80 40 68 21 74
68 40 80 26 21
40 44 43 73 57
40 44 18 62 41
65 64 8 46 58
40 43 79 62 66
23 66 47 58 65
26 68 18 40 80
62 80 21 23 46
40 44 18 62 41
79 66 20 23 8
68 48 73 44 43
68 44 40 14
40 44 43 73 14
23 79 47 46 8
43 15 48 74 61
47 79 6 46 8
40 44 18 62 41
43 61 40 15 14
40 44 18 62 41
62 68 21 44 43
48 43 74 73 15
65 20 23 47 79
40 44 18 62 41
40 14 43 61 73
18 68 23 76 66
68 40 48 80 44
65 66 80 20 6
47 23 46 8 15
79 66 20 23 46
40 44 18 62 41
40 44 18 62 41
66 62 68 14 20
18 15 68 80 21
18
14 34 68
66 79 20 23 6
68 44 43 40 73
43 34 14 68
66 23 79 26 20
65 66 64 20 23
66 79 20 23 46
40 68 43 44 14
46 58 64 8 15
46 50 65 8 15
68 40 80 18 21
23 76 18 66 6
14 68 44 40 80
40 44 18 62 41
65 75 58 64 66
68 40
65 66 23 6 8
46 50 64 15 47
40 68 80 44 57
40 44 18 62 41
66 23 20 6 79
40 44 18 62 41
40 68
73 58
78 57
66 20 79 23 47
40 68 44 21 48
43 41 73 61 62
40 44 18 62 41
66 23 79 65 20
43 64 61 62 66
76 46 8 64 66
40 68 13
61 43 14 44 40
78 74 40
79 74 80 40 66
20 79 66 23 47
43 61 40 80 68
43 62 80 21 44
23 18 66 79 76
80 21 23 79 15
43 61 14 73 52
66 23 79 20 76
66 23 18 76 62
62 64 65 66 67
62 76 79 18 68
66 20 79 23 6
47 79 65 66 20
68 44 40 80 21
18 66 23 6 76
43 61 14 44 40
40 44 18 62 41
66 23 20 79 18
79 47 74 64 20
68 26 40 80 18
40 80 48 43 21
40 68 80 21 74
66 46 50 64 23
66 6 23 46 8
46 50 64 8 15
66 23 46 79 50
69 8
79 74 78 47 66
66 23 6 20 79
40 44 18 62 41
40 68 41 18 80
43 8 73 79 21
73 14 40 52 66
47 79 46 74 64
15 58 65 20 46
76 46
66 23 6 15 18
23 66 79 20 15
68 18 62 40 76
65
69 80 23 8 64
43 61 14 44 40
40 44 18 62 41
40 44 18 62 41
80 21 15 62 68
69 8 65 23 58
20 46 23 79 66
79 23 47 15 18
66 8 64 46 6
65 66 20 79 80
66 23 6 20 46
79 47 66 20 23
65 23 66 21 18
66 20 23 79 29
73 64 69 21 23
80 62 21 44 40
40 44 18 62 41
21 40 80 68 48
18 26 66 23 6
66 23 76 18 20
23 66 6 20 46
80 40 62 21 23
66 23 20 79 76
46 47 8 79 23
39 65 15 58 64
44 40 8 73 79
47 79 46 8 64
23 79 21 15 18
46 47 50 64 8
43 73 15 74 41
44 68 40 14 73
23 6 58 66 20
40 44 18 62 41
73 43 52 15 48
66 23 6 20 79
43 73 52 61 14
64 8
68 40 80 13 74
40 44 18 62 41
47 79
47 6 46 8 39
66 76 23 6 18
43 73 13 15
40 44 18 62 41
76
66 23 20 79 46
68 40 80 21 44
65 20 46 50 64
14 34 68 18 62
57 62 80 21 43
66 20 23 46 79
43 61 40 73 14
6 76 64 20 23
15 52 46 76 64
40 44 18 62 41
66 23 20 47 79
40 68 80 18 26
14 44 40 73 61
79 23 15 20 47
68 62 14
68 40 80 18 26
64 46 15 50 80
68 48 43 40 13
23 46 41 73 14
46 79 23 8
68 40 80 13 44
66
68 40 43 13 48
40 68 80 21 44
66 79 20 23 21
79 15 80 20 47
40 44 18 62 41
26 18 68 40 80
79 62 80 23 46
66 15 46 8 76
68 40 18 80 26
40 44 18 62 41
40 68 80 21 44
69 20 8 79 58
80 26 68 40 18
14 44 43 40 73
40 44 18 62 41
14 62 65 68 69
46 64 65 20 23
40
66 20 79 15 23
20 46 58 50 65
46 8 64 23 75
44 43 40 14 52
69
62 23 18 80 21
79 47 74
79 47 46 74 8
14 34 18 64 68
43 74 73 15 80
15 65 21 48 43
40 44 18 62 41
23 79 66 21 15
62 68 40 13 73
66 65 80 26 20
40 68 80 21 48
68 40
68 80 40 18 21
14 44 43 40 73
66 23 6 76 18
79 20 66 23 15
76 46 15 50 66
14 34 43 68
64 20 46 47 8
40
40 44 18 62 41
40 44 18 62 41
40 44 18 62 41
14 68 34 40 13
68 14 62 65 34
40 13 68 44 80
20 64 65 67 46
79 66 46 8 20
64 8 46 79
66 23 79 20 76
46 50 8 58 65
73 47 15 23 43
79 20 80 46 47
8 64 46 50 65
68 44 40 80 21
69 65 8 75 64
47 79 66 23 20
69 8 49 80 21
23 66 6 65 20
23 66 8 76 79
65 46 43 74 15
47 79 26 46
65
43 61 79 23 64
68 18 80 40 21
66 20 23 6 79
64 18
44 40 68 14 57
68 40 80 21 62
76 21 23 46 75
40 44 18 62 41
18 68 40 80 23
43 60 62 63 68
26 18 68 6 76
64 46 8 76 39
40 44 18 62 41
14 34 68 62 44
69 65 26 46 8
40 43 73 14 62
66 79 23 20 65
76 46 64 8 75
15 21 23 79 47
40 44 18 62 41
66 23 8 79 65
23 66 6 79 80
68 23 18 64 66
66 20 79 23 58
40 44 18 62 41
44 43 40 73 52
44 40 68 21 43
68 40
40 44 18 62 41
23 62 64 66 20
43 73 14 15 64
68 18 80 40 26
76 66 23 15 18
46 50 64 8 58
40 44 18 62 41
26 68 18 40 80
40 44 18 62 41
65 39 58 64 20
40 68 80 57 48
46 47 58 50 65
69 47 41 8 39
43 73 14 52 61
18 65 39 66 80
76 46
69
20 79 58 66 23
69 64 66 23 46
23 8 64 65 66
43 73 41 15 52
14 52 23 73 79
76 46 58 50 20
65 69 20 47 8
21 23 79 15 18
64 65 69 20 23
66 79 20 23 47
68 40 21 44 14
66 20 79
65
64 20 46 8 76
64 65 39 18 69
47 46 58 50 64
44 40 68 21 48
40 26 68 18 80
26 18 68 40 76
66 79 20 23 46
68 18 14 34
14 34 47 74 68
23 58 66 20 46
74
58 64 65 20 76
69 8
15 21 43 74 73
13 68 21 44 43
20 8 58 64 46
40 44 18 62 41
14 40 43 41 73
66 23 6 76 20
73 43 48 40 68
66 23 79 64 20
76 66 23 64 15
62 68 80 21 44
80 74 68 48 43
68 44 40 13 80
68 80 44 43 40
15 64 46 8 50
66 23 79 20 76
69 8
46 47 50 64 69
46 50 58 64 20
40 44 18 62 41
47 79 23
40 44 18 62 41
68 40 18 80 26
40 44 18 62 41
69 20 47 8 79
65 6 8 39 64
15 46 50 64 41
40 44 18 62 41
15 64 46 8 76
40 21 15 80 41
66 23 79 80 20
18 66 23 6 76
43 52 73
66 23 79 20 6
68 40 80 21 13
65 39 18 66 20
14 34 43 52 73
15 46 50 64 8
68 44 40 62 80
40 44 18 62 41
40 44 18 62 41
64 46 8 50 20
40 68 44 13 61
40 44 18 62 41
40 43 73 44 14
66 20 23 76 79
40 44 18 62 41
20 46 8 76 58
14 73 44 40 21
40 44 18 62 41
68 23 14 18
73 14
46 64 50 65 67
14 41 8 79 64
40 68 80 21 13
68 14 34 44 40
40 44 18 62 41
66 79 23 20 21
66 29 23 20 79
79 8 46 47 66
79 20 57 66 80
79 47 66 20 46
40 44 18 62 41
20 23 46 50 58
69 43 8 76
66 20 79 15 46
44 40
68 18 62 14 20
66 23 46 6 8
40 80 21 79 15
18 23 79 15 47
40 44 18 62 41
68 40 18 80 26
44 40
62 65 69 41 39
40 44 18 62 41
69 8 46 47 50
52 41 8 73 46
15 46 8 76 50
68 40 74 80 60
73 52 8
20 64 65 66 80
47 15 21 79 18
68 18 26 40 57
18 66 68 23 76
62 66 20 21 23
62 63 80 21 44
40 44 18 62 41
80 74 79 68 48
18 23 76 66 79
64 65 66 69 80
47 65 58 66 20
66 79 20
64 68 34 14 65
79 8 46 47 23
8 21 49 46 76
40 68 80 21 44
66 23 29 6 65
43 14 68 48 40
